filename,CorrectPosition,focus_time,index,label,pred,loss
home1_0,29,1,9,20,47.483009338378906,27.483009338378906
home1_0,29,2,48,-19,-12.830726623535156,6.169273376464844
home1_0,29,3,35,-6,7.671839237213135,13.671838760375977
home1_0,29,4,43,-14,-16.295780181884766,2.2957801818847656
home1_1,23,1,3,20,10.764524459838867,9.235475540161133
home1_1,23,2,14,9,3.8079721927642822,5.192028045654297
home1_1,23,3,18,5,3.4319586753845215,1.5680413246154785
home1_2,37,1,17,20,16.743684768676758,3.256315231323242
home1_3,32,1,12,20,3.434453010559082,16.565547943115234
home1_3,32,2,15,17,12.7830171585083,4.216982841491699
home1_4,47,1,27,20,10.470170021057129,9.529829978942871
home1_4,47,2,37,10,5.143778324127197,4.856221675872803
home1_5,47,1,27,20,19.154420852661133,0.8455791473388672
home1_6,34,1,14,20,19.53130531311035,0.46869468688964844
home1_8,29,1,9,20,14.521767616271973,5.478232383728027
home1_8,29,2,24,5,1.9033907651901245,3.096609115600586
home1_9,26,1,6,20,7.670869827270508,12.329130172729492
home1_9,26,2,14,12,-2.665099859237671,14.66510009765625
home1_9,26,3,11,15,1.4686347246170044,13.531365394592285
home1_9,26,4,12,14,10.106854438781738,3.8931455612182617
home2_0,38,1,18,20,21.78980255126953,1.7898025512695312
home2_2,43,1,23,20,2.188390016555786,17.811609268188477
home2_2,43,2,25,18,1.8875762224197388,16.112422943115234
home2_2,43,3,27,16,3.474215030670166,12.525785446166992
home2_2,43,4,30,13,3.6141436100006104,9.385856628417969
home2_2,43,5,34,9,-1.6619096994400024,10.661910057067871
home2_2,43,6,32,11,3.5721933841705322,7.427806854248047
home2_2,43,7,36,7,-1.6936273574829102,8.69362735748291
home2_3,31,1,11,20,4.743560791015625,15.256439208984375
home2_3,31,2,16,15,3.8959670066833496,11.104032516479492
home2_3,31,3,20,11,3.4820382595062256,7.517961502075195
home2_3,31,4,23,8,0.6062874794006348,7.393712520599365
home2_3,31,5,24,7,4.331600189208984,2.6683998107910156
home2_4,34,1,14,20,2.519909381866455,17.480091094970703
home2_4,34,2,17,17,-0.2106671929359436,17.21066665649414
home2_4,34,3,17,17,4.374668121337891,12.62533187866211
home2_4,34,4,21,13,-3.2593941688537598,16.2593936920166
home2_4,34,5,18,16,0.8024762868881226,15.197524070739746
home2_4,34,6,19,15,-2.691112756729126,17.691112518310547
home2_4,34,7,16,18,-1.6725068092346191,19.67250633239746
home2_5,30,1,10,20,15.6294584274292,4.370541572570801
home2_6,29,1,9,20,22.543914794921875,2.543914794921875
home2_7,34,1,14,20,7.632213115692139,12.367786407470703
home2_7,34,2,22,12,5.748024940490723,6.251975059509277
home2_7,34,3,28,6,1.5132803916931152,4.486719608306885
home2_9,30,1,10,20,29.604907989501953,9.604907989501953
home2_9,30,2,40,-10,-5.285886764526367,4.714113235473633
microkitchen1_0,21,1,1,20,25.129112243652344,5.129112243652344
microkitchen1_0,21,2,26,-5,-4.61648416519165,0.3835158348083496
microkitchen1_1,21,1,1,20,20.182226181030273,0.18222618103027344
microkitchen1_2,21,1,1,20,28.832752227783203,8.832752227783203
microkitchen1_2,21,2,30,-9,-7.044699192047119,1.9553008079528809
microkitchen1_3,24,1,4,20,8.605340957641602,11.394659042358398
microkitchen1_3,24,2,13,11,8.241866111755371,2.758133888244629
microkitchen1_4,25,1,5,20,21.458837509155273,1.4588375091552734
microkitchen1_5,25,1,5,20,15.859654426574707,4.140345573425293
microkitchen1_6,25,1,5,20,11.363099098205566,8.636900901794434
microkitchen1_6,25,2,16,9,8.588557243347168,0.41144275665283203
microkitchen1_7,20,1,0,20,7.370444297790527,12.629555702209473
microkitchen1_7,20,2,7,13,1.9739668369293213,11.026033401489258
microkitchen1_7,20,3,9,11,1.0325307846069336,9.967469215393066
microkitchen1_7,20,4,10,10,0.8536166548728943,9.146383285522461
microkitchen1_7,20,5,11,9,0.6486180424690247,8.3513822555542
microkitchen1_7,20,6,12,8,-0.314951092004776,8.314950942993164
microkitchen1_7,20,7,12,8,-2.6289255619049072,10.628925323486328
microkitchen1_8,29,1,9,20,29.20647621154785,9.206476211547852
microkitchen1_8,29,2,38,-9,0.9739959836006165,9.97399616241455
microkitchen1_8,29,3,39,-10,-3.3529715538024902,6.64702844619751
microkitchen1_8,29,4,36,-7,-3.455655097961426,3.544344902038574
microkitchen1_9,19,1,0,19,12.608842849731445,6.391157150268555
microkitchen1_9,19,2,13,6,3.4649770259857178,2.5350229740142822
pillowroom1_0,25,1,5,20,14.579277992248535,5.420722007751465
pillowroom1_0,25,2,20,5,24.06920051574707,19.06920051574707
pillowroom1_0,25,3,44,-19,1.1247632503509521,20.12476348876953
pillowroom1_0,25,4,45,-20,7.326229095458984,27.326229095458984
pillowroom1_0,25,5,48,-23,-6.380134582519531,16.61986541748047
pillowroom1_0,25,6,42,-17,-1.0171995162963867,15.982800483703613
pillowroom1_0,25,7,41,-16,0.5207973718643188,16.520797729492188
pillowroom1_6,27,1,7,20,18.030580520629883,1.9694194793701172
pillowroom1_7,36,1,16,20,25.844865798950195,5.844865798950195
pillowroom1_7,36,2,42,-6,-1.980805516242981,4.019194602966309
pillowroom1_8,34,1,14,20,18.034400939941406,1.9655990600585938
pillowroom1_9,21,1,1,20,6.591998100280762,13.408001899719238
pillowroom1_9,21,2,8,13,4.759618759155273,8.240381240844727
pillowroom1_9,21,3,13,8,-4.788767337799072,12.788766860961914
pillowroom1_9,21,4,8,13,3.5069758892059326,9.493023872375488
pillowroom1_9,21,5,12,9,8.129335403442383,0.8706645965576172
secondfloorgames_0,20,1,0,20,24.217714309692383,4.217714309692383
secondfloorgames_1,24,1,4,20,-6.384466171264648,26.38446617126465
secondfloorgames_1,24,2,0,24,3.54732346534729,20.45267677307129
secondfloorgames_1,24,3,4,20,11.214427947998047,8.785572052001953
secondfloorgames_1,24,4,15,9,-1.7034997940063477,10.703499794006348
secondfloorgames_1,24,5,13,11,12.819390296936035,1.8193902969360352
secondfloorgames_2,30,1,10,20,8.1146879196167,11.8853120803833
secondfloorgames_2,30,2,18,12,10.138105392456055,1.8618946075439453
secondfloorgames_3,23,1,3,20,17.2596492767334,2.7403507232666016
secondfloorgames_4,22,1,2,20,10.249232292175293,9.750767707824707
secondfloorgames_4,22,2,12,10,9.084470748901367,0.9155292510986328
secondfloorgames_5,24,1,4,20,10.260769844055176,9.739230155944824
secondfloorgames_5,24,2,14,10,9.206128120422363,0.7938718795776367
secondfloorgames_6,19,1,0,19,26.343313217163086,7.343313217163086
secondfloorgames_6,19,2,26,-7,16.445528030395508,23.445528030395508
secondfloorgames_6,19,3,42,-23,-14.049843788146973,8.950156211853027
secondfloorgames_6,19,4,28,-9,8.956337928771973,17.956336975097656
secondfloorgames_6,19,5,37,-18,2.637022018432617,20.637022018432617
secondfloorgames_6,19,6,40,-21,-6.202422142028809,14.797577857971191
secondfloorgames_6,19,7,34,-15,6.898509979248047,21.898509979248047
secondfloorgames_7,20,1,0,20,18.372432708740234,1.6275672912597656
secondfloorgames_8,23,1,3,20,15.089563369750977,4.910436630249023
apt1_0,25,1,5,20,14.005597114562988,5.994402885437012
apt1_0,25,2,19,6,-4.868813991546631,10.868814468383789
apt1_0,25,3,14,11,7.868893146514893,3.1311068534851074
apt1_1,21,1,1,20,12.951360702514648,7.048639297485352
apt1_1,21,2,14,7,1.7928647994995117,5.207135200500488
apt1_1,21,3,16,5,-2.4478445053100586,7.447844505310059
apt1_1,21,4,14,7,1.5447238683700562,5.455276012420654
apt1_1,21,5,16,5,-1.5252554416656494,6.52525520324707
apt1_1,21,6,14,7,-3.9347457885742188,10.934745788574219
apt1_1,21,7,10,11,6.216089248657227,4.783910751342773
apt1_2,24,1,4,20,8.145608901977539,11.854391098022461
apt1_2,24,2,12,12,4.5870161056518555,7.4129838943481445
apt1_2,24,3,17,7,1.5857295989990234,5.414270401000977
apt1_2,24,4,19,5,-1.6569373607635498,6.656937599182129
apt1_2,24,5,17,7,-2.127100944519043,9.127100944519043
apt1_2,24,6,15,9,1.6013163328170776,7.398683547973633
apt1_2,24,7,17,7,-2.871478319168091,9.871478080749512
apt1_3,25,1,5,20,7.701804161071777,12.298195838928223
apt1_3,25,2,13,12,8.883103370666504,3.116896629333496
apt1_4,23,1,3,20,5.1973090171813965,14.802690505981445
apt1_4,23,2,8,15,4.734588146209717,10.265411376953125
apt1_4,23,3,13,10,1.7487090826034546,8.251291275024414
apt1_4,23,4,15,8,5.1681294441223145,2.8318705558776855
apt1_5,22,1,2,20,2.265946865081787,17.734052658081055
apt1_5,22,2,4,18,2.253288984298706,15.746710777282715
apt1_5,22,3,6,16,5.05635929107666,10.94364070892334
apt1_5,22,4,11,11,1.4749549627304077,9.525045394897461
apt1_5,22,5,12,10,4.810364723205566,5.189635276794434
apt1_5,22,6,17,5,5.772727966308594,0.7727279663085938
apt1_6,20,1,0,20,14.198986053466797,5.801013946533203
apt1_6,20,2,14,6,1.109422206878662,4.890577793121338
apt1_7,20,1,0,20,8.441183090209961,11.558816909790039
apt1_7,20,2,8,12,9.428728103637695,2.5712718963623047
apt1_8,31,1,11,20,28.265605926513672,8.265605926513672
apt1_8,31,2,39,-8,-12.573187828063965,4.573187828063965
apt1_9,20,1,0,20,11.780195236206055,8.219804763793945
apt1_9,20,2,12,8,7.6385345458984375,0.3614654541015625
apt2_0,41,1,21,20,8.158154487609863,11.841845512390137
apt2_0,41,2,29,12,9.221297264099121,2.778702735900879
apt2_1,20,1,0,20,10.94172191619873,9.05827808380127
apt2_1,20,2,11,9,6.5784735679626465,2.4215264320373535
apt2_2,23,1,3,20,11.40015983581543,8.59984016418457
apt2_2,23,2,14,9,9.439170837402344,0.43917083740234375
apt2_3,26,1,6,20,11.834342956542969,8.165657043457031
apt2_3,26,2,18,8,11.836662292480469,3.8366622924804688
apt2_4,23,1,3,20,9.150511741638184,10.849488258361816
apt2_4,23,2,12,11,4.508952617645264,6.491047382354736
apt2_4,23,3,17,6,-1.3874856233596802,7.387485504150391
apt2_4,23,4,16,7,1.7179968357086182,5.282003402709961
apt2_4,23,5,18,5,-1.3753442764282227,6.375344276428223
apt2_4,23,6,17,6,3.17079496383667,2.82920503616333
apt2_5,26,1,6,20,7.45449161529541,12.54550838470459
apt2_5,26,2,13,13,2.9239118099212646,10.076087951660156
apt2_5,26,3,16,10,4.131097793579102,5.868902206420898
apt2_5,26,4,20,6,-0.22129292786121368,6.221292972564697
apt2_5,26,5,20,6,5.31520414352417,0.6847958564758301
apt2_6,23,1,3,20,-5.062318325042725,25.062318801879883
apt2_6,23,2,0,23,8.031560897827148,14.968439102172852
apt2_6,23,3,8,15,-2.6191298961639404,17.619129180908203
apt2_6,23,4,5,18,-10.787041664123535,28.78704071044922
apt2_6,23,5,0,23,-7.383275985717773,30.383275985717773
apt2_6,23,6,0,23,6.345754146575928,16.654245376586914
apt2_6,23,7,6,17,2.4773685932159424,14.522631645202637
apt2_7,31,1,11,20,12.172231674194336,7.827768325805664
apt2_7,31,2,23,8,3.0633089542388916,4.9366912841796875
apt2_8,40,1,20,20,11.392204284667969,8.607795715332031
apt2_8,40,2,31,9,8.333429336547852,0.6665706634521484
apt2_9,24,1,4,20,14.37968921661377,5.6203107833862305
apt2_9,24,2,18,6,9.523433685302734,3.5234336853027344
books_0,27,1,7,20,20.503795623779297,0.5037956237792969
books_1,26,1,6,20,9.51169204711914,10.48830795288086
books_1,26,2,16,10,8.14174747467041,1.8582525253295898
books_2,22,1,2,20,8.262145042419434,11.737854957580566
books_2,22,2,10,12,5.498841762542725,6.501158237457275
books_2,22,3,15,7,4.425675868988037,2.574324131011963
books_3,23,1,3,20,8.732575416564941,11.267424583435059
books_3,23,2,12,11,6.389554977416992,4.610445022583008
books_4,24,1,4,20,15.979854583740234,4.020145416259766
books_5,22,1,2,20,9.856321334838867,10.143678665161133
books_5,22,2,12,10,8.042289733886719,1.9577102661132812
books_6,20,1,0,20,13.713056564331055,6.286943435668945
books_6,20,2,14,6,6.3782734870910645,0.37827348709106445
books_7,26,1,6,20,5.306206226348877,14.693794250488281
books_7,26,2,11,15,2.7248377799987793,12.275161743164062
books_7,26,3,14,12,1.5232057571411133,10.476794242858887
books_7,26,4,16,10,1.8392211198806763,8.160778999328613
books_7,26,5,18,8,3.9248197078704834,4.0751800537109375
books_8,23,1,3,20,2.9188921451568604,17.08110809326172
books_8,23,2,6,17,1.7942698001861572,15.205730438232422
books_8,23,3,8,15,2.2908074855804443,12.709192276000977
books_8,23,4,10,13,3.7620723247528076,9.237927436828613
books_8,23,5,14,9,3.3796379566192627,5.620362281799316
books_8,23,6,17,6,3.355729341506958,2.644270658493042
books_9,27,1,7,20,18.19269561767578,1.8073043823242188
bottles_0,22,1,2,20,8.149086952209473,11.850913047790527
bottles_0,22,2,10,12,10.688647270202637,1.3113527297973633
bottles_1,23,1,3,20,8.871169090270996,11.128830909729004
bottles_1,23,2,12,11,3.4438228607177734,7.556177139282227
bottles_1,23,3,15,8,0.15722256898880005,7.842777252197266
bottles_1,23,4,15,8,0.9180602431297302,7.081939697265625
bottles_1,23,5,16,7,3.712951898574829,3.287048101425171
bottles_2,22,1,2,20,28.390649795532227,8.390649795532227
bottles_2,22,2,30,-8,-13.024690628051758,5.024690628051758
bottles_2,22,3,17,5,8.353432655334473,3.3534326553344727
bottles_3,30,1,10,20,27.591049194335938,7.5910491943359375
bottles_3,30,2,38,-8,10.411506652832031,18.41150665283203
bottles_3,30,3,48,-18,-4.646130561828613,13.353869438171387
bottles_3,30,4,43,-13,9.101814270019531,22.10181427001953
bottles_3,30,5,48,-18,-3.471447467803955,14.528553009033203
bottles_3,30,6,45,-15,-0.9595724940299988,14.040427207946777
bottles_3,30,7,44,-14,-1.9338606595993042,12.066139221191406
bottles_4,25,1,5,20,25.578941345214844,5.578941345214844
bottles_4,25,2,31,-6,0.8933912515640259,6.893391132354736
bottles_4,25,3,32,-7,-3.2476794719696045,3.7523205280303955
bottles_5,27,1,7,20,9.753982543945312,10.246017456054688
bottles_5,27,2,17,10,5.067500591278076,4.932499408721924
bottles_6,27,1,7,20,10.840332984924316,9.159667015075684
bottles_6,27,2,18,9,2.8876571655273438,6.112342834472656
bottles_6,27,3,21,6,1.1653481721878052,4.834651947021484
bottles_7,27,1,7,20,21.580909729003906,1.5809097290039062
bottles_8,25,1,5,20,28.613927841186523,8.613927841186523
bottles_8,25,2,34,-9,8.614771842956543,17.61477279663086
bottles_8,25,3,43,-18,0.9376895427703857,18.93768882751465
bottles_8,25,4,44,-19,7.221101760864258,26.221101760864258
bottles_8,25,5,48,-23,-12.777639389038086,10.222360610961914
bottles_8,25,6,35,-10,-4.799365997314453,5.200634002685547
bottles_8,25,7,30,-5,-2.6326847076416016,2.3673152923583984
campusoutdoors1_0,20,1,0,20,12.995616912841797,7.004383087158203
campusoutdoors1_0,20,2,13,7,0.6173972487449646,6.382602691650391
campusoutdoors1_0,20,3,14,6,-4.8906731605529785,10.89067268371582
campusoutdoors1_0,20,4,9,11,4.447187423706055,6.552812576293945
campusoutdoors1_0,20,5,13,7,6.009861469268799,0.9901385307312012
campusoutdoors1_1,20,1,0,20,23.531816482543945,3.5318164825439453
campusoutdoors1_2,22,1,2,20,18.862478256225586,1.137521743774414
campusoutdoors1_3,20,1,0,20,4.742939472198486,15.257061004638672
campusoutdoors1_3,20,2,5,15,5.985050678253174,9.014949798583984
campusoutdoors1_3,20,3,11,9,-3.749267578125,12.749267578125
campusoutdoors1_3,20,4,7,13,1.4371886253356934,11.562810897827148
campusoutdoors1_3,20,5,8,12,-0.9177829027175903,12.9177827835083
campusoutdoors1_3,20,6,7,13,4.761531352996826,8.238468170166016
campusoutdoors1_3,20,7,12,8,-7.355486869812012,15.355486869812012
campusoutdoors1_4,22,1,2,20,13.097987174987793,6.902012825012207
campusoutdoors1_4,22,2,15,7,6.093452453613281,0.9065475463867188
campusoutdoors1_5,22,1,2,20,13.064950942993164,6.935049057006836
campusoutdoors1_5,22,2,15,7,8.545441627502441,1.5454416275024414
campusoutdoors1_6,27,1,7,20,33.22663116455078,13.226631164550781
campusoutdoors1_6,27,2,40,-13,-0.13878442347049713,12.861215591430664
campusoutdoors1_6,27,3,40,-13,-9.277519226074219,3.7224807739257812
campusoutdoors1_8,19,1,0,19,11.405606269836426,7.594393730163574
campusoutdoors1_8,19,2,11,8,1.2002406120300293,6.799759387969971
campusoutdoors1_8,19,3,12,7,0.4995754659175873,6.500424385070801
campusoutdoors1_8,19,4,12,7,8.368965148925781,1.3689651489257812
campusoutdoors1_9,19,1,0,19,16.080047607421875,2.919952392578125
campusoutdoors2_0,20,1,0,20,6.9822821617126465,13.017717361450195
campusoutdoors2_0,20,2,7,13,1.3901472091674805,11.60985279083252
campusoutdoors2_0,20,3,8,12,-0.6947286128997803,12.69472885131836
campusoutdoors2_0,20,4,7,13,3.401454448699951,9.59854507446289
campusoutdoors2_0,20,5,10,10,-1.2781527042388916,11.278152465820312
campusoutdoors2_0,20,6,9,11,-0.1042027696967125,11.104203224182129
campusoutdoors2_0,20,7,9,11,-0.4843045473098755,11.484304428100586
campusoutdoors2_1,42,1,22,20,13.50422191619873,6.4957780838012695
campusoutdoors2_1,42,2,36,6,6.521641731262207,0.521641731262207
campusoutdoors2_3,31,1,11,20,10.132948875427246,9.867051124572754
campusoutdoors2_3,31,2,21,10,2.624675750732422,7.375324249267578
campusoutdoors2_3,31,3,24,7,0.6978856325149536,6.302114486694336
campusoutdoors2_3,31,4,25,6,0.9814881086349487,5.018511772155762
campusoutdoors2_3,31,5,26,5,-4.459031581878662,9.45903205871582
campusoutdoors2_3,31,6,22,9,0.9408515691757202,8.059148788452148
campusoutdoors2_3,31,7,23,8,2.4122867584228516,5.587713241577148
campusoutdoors2_4,29,1,9,20,15.111629486083984,4.888370513916016
campusoutdoors2_5,32,1,12,20,18.58583641052246,1.414163589477539
campusoutdoors2_6,22,1,2,20,20.890344619750977,0.8903446197509766
campusoutdoors2_7,23,1,3,20,9.385205268859863,10.614794731140137
campusoutdoors2_7,23,2,12,11,4.342413425445557,6.657586574554443
campusoutdoors2_7,23,3,16,7,0.7896741628646851,6.210325717926025
campusoutdoors2_7,23,4,17,6,8.215256690979004,2.215256690979004
campusoutdoors2_8,23,1,3,20,15.762505531311035,4.237494468688965
campusoutdoors2_9,25,1,5,20,11.133688926696777,8.866311073303223
campusoutdoors2_9,25,2,16,9,3.754608392715454,5.245391845703125
campusoutdoors2_9,25,3,20,5,-3.370988368988037,8.370988845825195
campusoutdoors2_9,25,4,17,8,6.468746662139893,1.5312533378601074
fakeplants_0,24,1,4,20,7.387564182281494,12.612436294555664
fakeplants_0,24,2,11,13,7.188417434692383,5.811582565307617
fakeplants_0,24,3,18,6,6.841734409332275,0.8417344093322754
fakeplants_1,21,1,1,20,11.502357482910156,8.497642517089844
fakeplants_1,21,2,13,8,6.911839485168457,1.088160514831543
fakeplants_2,21,1,1,20,11.386383056640625,8.613616943359375
fakeplants_2,21,2,12,9,2.1317076683044434,6.868292331695557
fakeplants_2,21,3,14,7,2.3087010383605957,4.691298961639404
fakeplants_3,22,1,2,20,6.304090976715088,13.69590950012207
fakeplants_3,22,2,8,14,1.8442692756652832,12.155731201171875
fakeplants_3,22,3,10,12,3.2410941123962402,8.758905410766602
fakeplants_3,22,4,13,9,1.6500800848007202,7.34991979598999
fakeplants_3,22,5,15,7,1.5254526138305664,5.474547386169434
fakeplants_3,22,6,17,5,3.906616449356079,1.093383550643921
fakeplants_4,24,1,4,20,19.720911026000977,0.27908897399902344
fakeplants_5,21,1,1,20,39.27778625488281,19.277786254882812
fakeplants_5,21,2,40,-19,-2.371107339859009,16.62889289855957
fakeplants_5,21,3,38,-17,-4.16679573059082,12.83320426940918
fakeplants_5,21,4,34,-13,-1.3275290727615356,11.672471046447754
fakeplants_5,21,5,33,-12,-4.829644680023193,7.170355319976807
fakeplants_5,21,6,28,-7,0.47613829374313354,7.476138114929199
fakeplants_5,21,7,28,-7,-4.8491597175598145,2.1508402824401855
fakeplants_6,21,1,1,20,16.67537498474121,3.324625015258789
fakeplants_7,23,1,3,20,8.806168556213379,11.193831443786621
fakeplants_7,23,2,12,11,11.025580406188965,0.025580406188964844
fakeplants_8,21,1,1,20,13.90125846862793,6.09874153137207
fakeplants_8,21,2,15,6,2.0615394115448,3.9384605884552
fakeplants_9,21,1,1,20,43.117496490478516,23.117496490478516
fakeplants_9,21,2,44,-23,1.7512978315353394,24.751296997070312
fakeplants_9,21,3,46,-25,-6.759347438812256,18.240652084350586
fakeplants_9,21,4,39,-18,-1.8628121614456177,16.137187957763672
fakeplants_9,21,5,37,-16,-8.519454002380371,7.480545997619629
fakeplants_9,21,6,28,-7,4.986222267150879,11.986222267150879
fakeplants_9,21,7,33,-12,2.789504051208496,14.789504051208496
garage2_0,22,1,2,20,18.25550079345703,1.7444992065429688
garage2_1,24,1,4,20,17.49835968017578,2.5016403198242188
garage2_2,31,1,11,20,21.314538955688477,1.3145389556884766
garage2_4,24,1,4,20,14.511008262634277,5.488991737365723
garage2_4,24,2,19,5,11.438007354736328,6.438007354736328
garage2_4,24,3,30,-6,-7.1733880043029785,1.1733880043029785
garage2_6,26,1,6,20,14.892674446105957,5.107325553894043
garage2_6,26,2,21,5,7.267977714538574,2.267977714538574
garage2_7,24,1,4,20,10.340076446533203,9.659923553466797
garage2_7,24,2,14,10,4.504090785980225,5.495909214019775
garage2_7,24,3,19,5,1.984236717224121,3.015763282775879
garage2_8,21,1,1,20,14.884937286376953,5.115062713623047
garage2_8,21,2,16,5,2.350895881652832,2.649104118347168
garage2_9,23,1,3,20,6.186325550079346,13.813674926757812
garage2_9,23,2,9,14,4.642509460449219,9.357490539550781
garage2_9,23,3,14,9,-2.674957752227783,11.674957275390625
garage2_9,23,4,11,12,3.694030523300171,8.30596923828125
garage2_9,23,5,15,8,-6.270692348480225,14.270692825317383
garage2_9,23,6,9,14,1.941145896911621,12.058854103088379
garage2_9,23,7,11,12,2.245086669921875,9.754913330078125
garage_0,25,1,5,20,9.20868968963623,10.79131031036377
garage_0,25,2,14,11,9.402356147766113,1.5976438522338867
garage_1,27,1,7,20,6.7415995597839355,13.258399963378906
garage_1,27,2,14,13,6.8469014167785645,6.1530985832214355
garage_1,27,3,21,6,6.2868218421936035,0.2868218421936035
garage_3,22,1,2,20,10.209447860717773,9.790552139282227
garage_3,22,2,12,10,5.223211288452148,4.776788711547852
garage_4,44,1,24,20,4.895787239074707,15.104212760925293
garage_4,44,2,29,15,5.623783111572266,9.376216888427734
garage_4,44,3,35,9,7.2274169921875,1.7725830078125
garage_6,27,1,7,20,21.193885803222656,1.1938858032226562
garage_7,22,1,2,20,16.696884155273438,3.3031158447265625
garage_8,44,1,24,20,29.477088928222656,9.477088928222656
garage_8,44,2,48,-4,-8.702258110046387,4.702258110046387
garage_9,20,1,0,20,17.81028175354004,2.189718246459961
hallway1_0,32,1,12,20,10.818501472473145,9.181498527526855
hallway1_0,32,2,23,9,3.2051734924316406,5.794826507568359
hallway1_0,32,3,26,6,1.9491225481033325,4.050877571105957
hallway1_2,33,1,13,20,25.956790924072266,5.956790924072266
hallway1_2,33,2,39,-6,6.734297752380371,12.734297752380371
hallway1_2,33,3,46,-13,-11.2152099609375,1.7847900390625
hallway1_3,26,1,6,20,14.571243286132812,5.4287567138671875
hallway1_3,26,2,21,5,1.071410894393921,3.928589105606079
hallway1_4,23,1,3,20,9.381243705749512,10.618756294250488
hallway1_4,23,2,12,11,5.367445945739746,5.632554054260254
hallway1_4,23,3,17,6,2.2721149921417236,3.7278850078582764
hallway1_5,22,1,2,20,11.707321166992188,8.292678833007812
hallway1_5,22,2,14,8,1.4480983018875122,6.551901817321777
hallway1_5,22,3,15,7,-3.4255826473236084,10.425582885742188
hallway1_5,22,4,12,10,4.765277862548828,5.234722137451172
hallway1_5,22,5,17,5,-3.083622932434082,8.083622932434082
hallway1_5,22,6,14,8,2.398167133331299,5.601832866668701
hallway1_5,22,7,16,6,0.9182616472244263,5.081738471984863
hallway1_6,22,1,2,20,13.241727828979492,6.758272171020508
hallway1_6,22,2,15,7,5.406602382659912,1.593397617340088
hallway1_7,37,1,17,20,18.332365036010742,1.6676349639892578
hallway2_0,29,1,9,20,20.186155319213867,0.1861553192138672
hallway2_1,34,1,14,20,2.8322362899780273,17.167762756347656
hallway2_1,34,2,17,17,2.7606985569000244,14.239301681518555
hallway2_1,34,3,20,14,1.298628568649292,12.701371192932129
hallway2_1,34,4,21,13,6.104704856872559,6.895295143127441
hallway2_1,34,5,27,7,3.097263813018799,3.902736186981201
hallway2_2,25,1,5,20,25.07587432861328,5.075874328613281
hallway2_2,25,2,30,-5,-8.944820404052734,3.9448204040527344
meetingroom1_7,19,1,0,19,22.53517723083496,3.535177230834961
meetingroom1_8,21,1,1,20,12.451958656311035,7.548041343688965
meetingroom1_8,21,2,13,8,4.534900665283203,3.465099334716797
meetingroom1_9,23,1,3,20,47.67310333251953,27.67310333251953
meetingroom1_9,23,2,48,-25,-15.228941917419434,9.771058082580566
meetingroom1_9,23,3,33,-10,-13.744819641113281,3.7448196411132812
meetingroom2_0,27,1,7,20,6.631516933441162,13.36848258972168
meetingroom2_0,27,2,14,13,-6.204600811004639,19.204601287841797
meetingroom2_0,27,3,8,19,0.10242567956447601,18.897573471069336
meetingroom2_0,27,4,8,19,6.62191915512085,12.378080368041992
meetingroom2_0,27,5,15,12,-0.6969352960586548,12.696935653686523
meetingroom2_0,27,6,14,13,6.70220422744751,6.29779577255249
meetingroom2_0,27,7,21,6,0.48784276843070984,5.512157440185547
meetingroom2_1,23,1,3,20,15.131929397583008,4.868070602416992
meetingroom2_2,24,1,4,20,9.505463600158691,10.494536399841309
meetingroom2_2,24,2,14,10,4.1261796951293945,5.8738203048706055
meetingroom2_2,24,3,18,6,1.0886034965515137,4.911396503448486
meetingroom2_3,29,1,9,20,7.7020111083984375,12.297988891601562
meetingroom2_3,29,2,17,12,2.0922691822052,9.907731056213379
meetingroom2_3,29,3,19,10,3.1957690715789795,6.804230690002441
meetingroom2_3,29,4,22,7,4.311806678771973,2.6881933212280273
meetingroom2_4,22,1,2,20,2.168334722518921,17.8316650390625
meetingroom2_4,22,2,4,18,7.244466781616211,10.755533218383789
meetingroom2_4,22,3,11,11,0.7312538623809814,10.268746376037598
meetingroom2_4,22,4,12,10,4.570137977600098,5.429862022399902
meetingroom2_4,22,5,17,5,5.753883361816406,0.7538833618164062
meetingroom2_5,24,1,4,20,5.859036445617676,14.140963554382324
meetingroom2_5,24,2,10,14,7.032543182373047,6.967456817626953
meetingroom2_5,24,3,17,7,9.314157485961914,2.314157485961914
meetingroom2_6,26,1,6,20,35.684364318847656,15.684364318847656
meetingroom2_6,26,2,42,-16,-7.905927658081055,8.094072341918945
meetingroom2_6,26,3,34,-8,-2.544708013534546,5.455291748046875
meetingroom2_6,26,4,31,-5,-10.658315658569336,5.658315658569336
meetingroom2_6,26,5,20,6,9.623320579528809,3.6233205795288086
meetingroom2_7,28,1,8,20,38.76570129394531,18.765701293945312
meetingroom2_7,28,2,47,-19,-24.602014541625977,5.602014541625977
meetingroom2_7,28,3,22,6,4.045743942260742,1.9542560577392578
meetingroom2_8,28,1,8,20,32.26335906982422,12.263359069824219
meetingroom2_8,28,2,40,-12,-17.979631423950195,5.979631423950195
meetingroom2_8,28,3,22,6,11.601627349853516,5.601627349853516
meetingroom2_8,28,4,34,-6,-3.0498366355895996,2.9501633644104004
meetingroom2_9,31,1,11,20,22.407407760620117,2.407407760620117
officecrawl1_0,26,1,6,20,9.428089141845703,10.571910858154297
officecrawl1_0,26,2,15,11,-0.9577588438987732,11.957758903503418
officecrawl1_0,26,3,14,12,12.041854858398438,0.0418548583984375
officecrawl1_1,36,1,16,20,7.727336883544922,12.272663116455078
officecrawl1_1,36,2,24,12,9.054271697998047,2.945728302001953
officecrawl1_2,26,1,6,20,5.6016845703125,14.3983154296875
officecrawl1_2,26,2,12,14,10.03172779083252,3.9682722091674805
officecrawl1_3,21,1,1,20,3.952167272567749,16.047832489013672
officecrawl1_3,21,2,5,16,8.124649047851562,7.8753509521484375
officecrawl1_3,21,3,13,8,11.217605590820312,3.2176055908203125
officecrawl1_4,31,1,11,20,22.024383544921875,2.024383544921875
officecrawl1_5,23,1,3,20,-1.6781977415084839,21.678197860717773
officecrawl1_5,23,2,1,22,1.6311719417572021,20.36882781982422
officecrawl1_5,23,3,3,20,-0.7062555551528931,20.706254959106445
officecrawl1_5,23,4,2,21,-4.128589630126953,25.128589630126953
officecrawl1_5,23,5,0,23,-4.546048641204834,27.546049118041992
officecrawl1_5,23,6,0,23,-2.846668004989624,25.846668243408203
officecrawl1_5,23,7,0,23,1.026193618774414,21.973806381225586
officecrawl1_6,27,1,7,20,12.852128982543945,7.147871017456055
officecrawl1_6,27,2,20,7,24.303987503051758,17.303987503051758
officecrawl1_6,27,3,44,-17,10.250210762023926,27.25020980834961
officecrawl1_6,27,4,48,-21,7.439477443695068,28.439477920532227
officecrawl1_6,27,5,48,-21,14.662914276123047,35.66291427612305
officecrawl1_6,27,6,48,-21,5.8059821128845215,26.80598258972168
officecrawl1_6,27,7,48,-21,4.790793418884277,25.790794372558594
officecrawl1_7,20,1,0,20,25.50940704345703,5.509407043457031
officecrawl1_7,20,2,26,-6,6.528840065002441,12.528840065002441
officecrawl1_7,20,3,33,-13,-0.7405323386192322,12.259468078613281
officecrawl1_7,20,4,32,-12,-2.15000581741333,9.849994659423828
officecrawl1_7,20,5,30,-10,1.4421924352645874,11.442192077636719
officecrawl1_7,20,6,31,-11,-0.8885445594787598,10.111455917358398
officecrawl1_7,20,7,30,-10,5.17323112487793,15.17323112487793
officecrawl1_8,32,1,12,20,16.13287353515625,3.86712646484375
officecrawl1_9,33,1,13,20,17.865798950195312,2.1342010498046875
officecrawl2_0,31,1,11,20,3.261263132095337,16.738737106323242
officecrawl2_0,31,2,14,17,2.880840301513672,14.119159698486328
officecrawl2_0,31,3,17,14,-0.5603160262107849,14.56031608581543
officecrawl2_0,31,4,16,15,2.907649278640747,12.092350959777832
officecrawl2_0,31,5,19,12,4.7313690185546875,7.2686309814453125
officecrawl2_0,31,6,24,7,-2.0545387268066406,9.05453872680664
officecrawl2_0,31,7,22,9,-1.4347578287124634,10.434758186340332
officecrawl2_1,24,1,4,20,12.946381568908691,7.053618431091309
officecrawl2_1,24,2,17,7,5.0288496017456055,1.9711503982543945
officecrawl2_2,48,1,28,20,6.120310306549072,13.879690170288086
officecrawl2_2,48,2,34,14,3.8600704669952393,10.13992977142334
officecrawl2_2,48,3,38,10,2.467566728591919,7.53243350982666
officecrawl2_2,48,4,40,8,1.4051601886749268,6.594840049743652
officecrawl2_2,48,5,41,7,-2.4421725273132324,9.44217300415039
officecrawl2_2,48,6,39,9,3.179866075515747,5.820134162902832
officecrawl2_2,48,7,42,6,0.1982569694519043,5.801743030548096
officecrawl2_3,42,1,22,20,9.724834442138672,10.275165557861328
officecrawl2_3,42,2,32,10,4.923370838165283,5.076629161834717
officecrawl2_3,42,3,37,5,3.1571907997131348,1.8428092002868652
officecrawl2_4,24,1,4,20,5.610260486602783,14.389739990234375
officecrawl2_4,24,2,10,14,4.822540760040283,9.177459716796875
officecrawl2_4,24,3,15,9,1.3390263319015503,7.66097354888916
officecrawl2_4,24,4,16,8,-0.7606428265571594,8.760643005371094
officecrawl2_4,24,5,15,9,2.2500998973846436,6.749899864196777
officecrawl2_4,24,6,17,7,2.639629364013672,4.360370635986328
officecrawl2_6,28,1,8,20,5.989706039428711,14.010293960571289
officecrawl2_6,28,2,14,14,6.030305862426758,7.969694137573242
officecrawl2_6,28,3,20,8,2.6152706146240234,5.384729385375977
officecrawl2_6,28,4,23,5,2.4420504570007324,2.5579495429992676
officecrawl2_7,33,1,13,20,10.815362930297852,9.184637069702148
officecrawl2_7,33,2,24,9,9.096172332763672,0.09617233276367188
officecrawl2_8,22,1,2,20,18.033700942993164,1.966299057006836
officecrawl2_9,27,1,7,20,5.523313045501709,14.476686477661133
officecrawl2_9,27,2,13,14,4.024327754974365,9.975671768188477
officecrawl2_9,27,3,17,10,7.328372478485107,2.6716275215148926
officecrawl3_1,26,1,6,20,14.826233863830566,5.173766136169434
officecrawl3_1,26,2,21,5,8.320788383483887,3.3207883834838867
officecrawl3_2,24,1,4,20,17.16503143310547,2.8349685668945312
officecrawl3_3,32,1,12,20,5.436282634735107,14.563716888427734
officecrawl3_3,32,2,17,15,4.814057350158691,10.185942649841309
officecrawl3_3,32,3,22,10,3.099851608276367,6.900148391723633
officecrawl3_3,32,4,25,7,6.132203578948975,0.8677964210510254
officecrawl3_4,20,1,0,20,23.154010772705078,3.154010772705078
officecrawl3_5,27,1,7,20,2.765186071395874,17.234813690185547
officecrawl3_5,27,2,10,17,1.7074782848358154,15.292521476745605
officecrawl3_5,27,3,12,15,2.9611241817474365,12.038875579833984
officecrawl3_5,27,4,15,12,0.6174038052558899,11.382596015930176
officecrawl3_5,27,5,16,11,2.514503002166748,8.485496520996094
officecrawl3_5,27,6,19,8,2.4537761211395264,5.5462236404418945
officecrawl3_5,27,7,21,6,6.726164817810059,0.7261648178100586
officecrawl3_6,26,1,6,20,31.925661087036133,11.925661087036133
officecrawl3_6,26,2,38,-12,-7.248163223266602,4.751836776733398
officecrawl3_7,28,1,8,20,7.407893657684326,12.592105865478516
officecrawl3_7,28,2,15,13,5.784754276275635,7.215245723724365
officecrawl3_7,28,3,21,7,5.424809455871582,1.575190544128418
officecrawl3_8,19,1,0,19,22.3753662109375,3.3753662109375
officecrawl3_9,25,1,5,20,6.203911304473877,13.796089172363281
officecrawl3_9,25,2,11,14,1.0444726943969727,12.955527305603027
officecrawl3_9,25,3,12,13,2.748840570449829,10.25115966796875
officecrawl3_9,25,4,15,10,6.752142429351807,3.2478575706481934
officeroom1_0,27,1,7,20,8.093560218811035,11.906439781188965
officeroom1_0,27,2,15,12,6.7343549728393555,5.2656450271606445
officeroom1_0,27,3,22,5,8.187151908874512,3.1871519088745117
officeroom1_1,28,1,8,20,13.45157241821289,6.548427581787109
officeroom1_1,28,2,21,7,11.03121566772461,4.031215667724609
officeroom1_2,29,1,9,20,16.630449295043945,3.3695507049560547
officeroom1_3,29,1,9,20,18.176855087280273,1.8231449127197266
officeroom1_4,21,1,1,20,24.70214080810547,4.702140808105469
officeroom1_5,22,1,2,20,12.030890464782715,7.969109535217285
officeroom1_5,22,2,14,8,2.363661527633667,5.636338233947754
officeroom1_5,22,3,16,6,0.5811318755149841,5.418868064880371
officeroom1_5,22,4,17,5,2.8744726181030273,2.1255273818969727
officeroom1_6,22,1,2,20,8.434347152709961,11.565652847290039
officeroom1_6,22,2,10,12,5.226362228393555,6.773637771606445
officeroom1_6,22,3,15,7,1.5385748147964478,5.461425304412842
officeroom1_6,22,4,17,5,2.6402547359466553,2.3597452640533447
officeroom1_7,22,1,2,20,-0.8529465198516846,20.852947235107422
officeroom1_7,22,2,1,21,-9.727482795715332,30.727481842041016
officeroom1_7,22,3,0,22,-4.424756050109863,26.424755096435547
officeroom1_7,22,4,0,22,-1.2677371501922607,23.267736434936523
officeroom1_7,22,5,0,22,11.757883071899414,10.242116928100586
officeroom1_7,22,6,12,10,-1.3499482870101929,11.349947929382324
officeroom1_7,22,7,11,11,-2.905730962753296,13.905731201171875
officeroom1_8,22,1,2,20,14.073799133300781,5.926200866699219
officeroom1_8,22,2,16,6,9.257695198059082,3.257695198059082
officeroom1_9,27,1,7,20,22.92643928527832,2.9264392852783203
officetrashshadows_1,34,1,14,20,-2.805839776992798,22.80583953857422
officetrashshadows_1,34,2,11,23,4.743389129638672,18.256610870361328
officetrashshadows_1,34,3,16,18,-0.017516575753688812,18.01751708984375
officetrashshadows_1,34,4,16,18,3.119779109954834,14.880220413208008
officetrashshadows_1,34,5,19,15,0.1778443455696106,14.822155952453613
officetrashshadows_1,34,6,19,15,-1.8481031656265259,16.848102569580078
officetrashshadows_1,34,7,17,17,-4.627166271209717,21.627166748046875
officetrashshadows_2,23,1,3,20,5.376959800720215,14.623040199279785
officetrashshadows_2,23,2,8,15,6.761280536651611,8.238719940185547
officetrashshadows_2,23,3,15,8,1.9391026496887207,6.060897350311279
officetrashshadows_2,23,4,17,6,-1.5622899532318115,7.562290191650391
officetrashshadows_2,23,5,15,8,-0.9755613803863525,8.975561141967773
officetrashshadows_2,23,6,14,9,-1.4962902069091797,10.49629020690918
officetrashshadows_2,23,7,13,10,5.548856735229492,4.451143264770508
officetrashshadows_3,27,1,7,20,17.86359977722168,2.1364002227783203
officetrashshadows_4,36,1,16,20,16.175317764282227,3.8246822357177734
officetrashshadows_5,39,1,19,20,4.761529445648193,15.238470077514648
officetrashshadows_5,39,2,24,15,-0.5332539081573486,15.53325366973877
officetrashshadows_5,39,3,23,16,1.8335005044937134,14.166499137878418
officetrashshadows_5,39,4,25,14,3.0622496604919434,10.937749862670898
officetrashshadows_5,39,5,28,11,5.433799743652344,5.566200256347656
officetrashshadows_5,39,6,33,6,2.70056414604187,3.29943585395813
officetrashshadows_6,37,1,17,20,7.863193035125732,12.13680648803711
officetrashshadows_6,37,2,25,12,6.211390495300293,5.788609504699707
officetrashshadows_6,37,3,31,6,-1.1692328453063965,7.1692328453063965
officetrashshadows_6,37,4,30,7,0.8714797496795654,6.1285200119018555
officetrashshadows_6,37,5,31,6,1.8223730325698853,4.177627086639404
officetrashshadows_8,25,1,5,20,10.048789978027344,9.951210021972656
officetrashshadows_8,25,2,15,10,1.1587152481079102,8.84128475189209
officetrashshadows_8,25,3,16,9,0.312649667263031,8.687350273132324
officetrashshadows_8,25,4,16,9,3.207684278488159,5.792315483093262
officetrashshadows_8,25,5,19,6,2.12156081199646,3.87843918800354
officetrashshadows_9,27,1,7,20,18.492664337158203,1.5073356628417969
officetrash_0,26,1,6,20,21.562957763671875,1.562957763671875
officetrash_1,23,1,3,20,16.44472885131836,3.5552711486816406
officetrash_2,25,1,5,20,9.155524253845215,10.844475746154785
officetrash_2,25,2,14,11,6.314289093017578,4.685710906982422
officetrash_4,33,1,13,20,10.852684020996094,9.147315979003906
officetrash_4,33,2,24,9,1.2184224128723145,7.7815775871276855
officetrash_4,33,3,25,8,3.5501606464385986,4.4498395919799805
officetrash_5,32,1,12,20,10.944485664367676,9.055514335632324
officetrash_5,32,2,23,9,14.07465648651123,5.0746564865112305
officetrash_5,32,3,37,-5,-2.178823232650757,2.821176767349243
officetrash_6,24,1,4,20,9.8838529586792,10.1161470413208
officetrash_6,24,2,14,10,4.406124591827393,5.593875408172607
officetrash_6,24,3,18,6,5.755459785461426,0.24454021453857422
officetrash_7,31,1,11,20,19.434438705444336,0.5655612945556641
officetrash_8,25,1,5,20,24.51555633544922,4.515556335449219
outdoorsbalcony1_0,24,1,4,20,24.990741729736328,4.990741729736328
outdoorsbalcony1_1,23,1,3,20,29.76517677307129,9.765176773071289
outdoorsbalcony1_1,23,2,33,-10,7.6150712966918945,17.615070343017578
outdoorsbalcony1_1,23,3,41,-18,4.055808067321777,22.055809020996094
outdoorsbalcony1_1,23,4,45,-22,-5.274990558624268,16.72500991821289
outdoorsbalcony1_1,23,5,40,-17,-12.366410255432129,4.633589744567871
outdoorsbalcony1_2,33,1,13,20,25.389755249023438,5.3897552490234375
outdoorsbalcony1_2,33,2,38,-5,7.907589435577393,12.907588958740234
outdoorsbalcony1_2,33,3,46,-13,5.851645469665527,18.851646423339844
outdoorsbalcony1_2,33,4,48,-15,-5.66473388671875,9.33526611328125
outdoorsbalcony1_2,33,5,42,-9,-7.030590057373047,1.9694099426269531
outdoorsbalcony1_3,44,1,24,20,18.835542678833008,1.1644573211669922
outdoorsbalcony1_4,29,1,9,20,12.654194831848145,7.3458051681518555
outdoorsbalcony1_4,29,2,22,7,7.689034938812256,0.6890349388122559
outdoorsbalcony1_6,29,1,9,20,20.612401962280273,0.6124019622802734
outdoorsbalcony1_9,38,1,18,20,11.42225456237793,8.57774543762207
outdoorsbalcony1_9,38,2,29,9,1.914458990097046,7.085540771484375
outdoorsbalcony1_9,38,3,31,7,4.131139278411865,2.8688607215881348
outdoorsbalcony2_0,23,1,3,20,12.596358299255371,7.403641700744629
outdoorsbalcony2_0,23,2,16,7,12.686752319335938,5.6867523193359375
outdoorsbalcony2_0,23,3,29,-6,4.712471961975098,10.712471961975098
outdoorsbalcony2_0,23,4,34,-11,-0.8921120166778564,10.107888221740723
outdoorsbalcony2_0,23,5,33,-10,0.9132040143013,10.913204193115234
outdoorsbalcony2_0,23,6,34,-11,-6.448001861572266,4.551998138427734
outdoorsbalcony2_1,27,1,7,20,11.68471908569336,8.31528091430664
outdoorsbalcony2_1,27,2,19,8,8.584943771362305,0.5849437713623047
outdoorsbalcony2_2,34,1,14,20,6.222842693328857,13.777156829833984
outdoorsbalcony2_2,34,2,20,14,1.7154422998428345,12.284557342529297
outdoorsbalcony2_2,34,3,22,12,8.886483192443848,3.1135168075561523
outdoorsbalcony2_4,21,1,1,20,13.573807716369629,6.426192283630371
outdoorsbalcony2_4,21,2,15,6,-1.342932105064392,7.342932224273682
outdoorsbalcony2_4,21,3,14,7,3.1921231746673584,3.8078768253326416
outdoorsbalcony2_5,23,1,3,20,19.369382858276367,0.6306171417236328
outdoorsbalcony2_6,26,1,6,20,17.79320526123047,2.2067947387695312
outdoorsbalcony2_7,27,1,7,20,11.32643985748291,8.67356014251709
outdoorsbalcony2_7,27,2,18,9,6.141695976257324,2.858304023742676
outdoorsbalcony2_8,24,1,4,20,18.590858459472656,1.4091415405273438
outdoorsbalcony2_9,21,1,1,20,12.40323543548584,7.59676456451416
outdoorsbalcony2_9,21,2,13,8,8.116094589233398,0.11609458923339844
outdoorsfossils_3,24,1,4,20,6.0597381591796875,13.940261840820312
outdoorsfossils_3,24,2,10,14,3.6228771209716797,10.37712287902832
outdoorsfossils_3,24,3,14,10,3.9232044219970703,6.07679557800293
outdoorsfossils_3,24,4,18,6,2.5490331649780273,3.4509668350219727
outdoorsfossils_5,25,1,5,20,12.007049560546875,7.992950439453125
outdoorsfossils_5,25,2,17,8,-2.0918281078338623,10.091828346252441
outdoorsfossils_5,25,3,15,10,-3.8498733043670654,13.849873542785645
outdoorsfossils_5,25,4,11,14,2.334613084793091,11.665387153625488
outdoorsfossils_5,25,5,13,12,-4.103487014770508,16.103487014770508
outdoorsfossils_5,25,6,9,16,5.798953533172607,10.201045989990234
outdoorsfossils_5,25,7,15,10,-0.20392470061779022,10.203925132751465
outdoorsfossils_6,24,1,4,20,12.197360038757324,7.802639961242676
outdoorsfossils_6,24,2,16,8,2.7242465019226074,5.275753498077393
outdoorsfossils_6,24,3,19,5,0.9601905345916748,4.039809226989746
outdoorsfossils_7,23,1,3,20,12.857560157775879,7.142439842224121
outdoorsfossils_7,23,2,16,7,8.448943138122559,1.4489431381225586
outdoorsfossils_8,24,1,4,20,10.537341117858887,9.462658882141113
outdoorsfossils_8,24,2,15,9,7.103578567504883,1.8964214324951172
outdoorsfossils_9,25,1,5,20,18.341785430908203,1.6582145690917969
outdoorsplants_0,37,1,17,20,14.53778076171875,5.46221923828125
outdoorsplants_0,37,2,32,5,-7.445527076721191,12.445527076721191
outdoorsplants_0,37,3,25,12,7.719101905822754,4.280898094177246
outdoorsplants_1,34,1,14,20,20.859607696533203,0.8596076965332031
outdoorsplants_2,32,1,12,20,12.189351081848145,7.8106489181518555
outdoorsplants_2,32,2,24,8,-5.786409378051758,13.786409378051758
outdoorsplants_2,32,3,18,14,26.602676391601562,12.602676391601562
outdoorsplants_2,32,4,45,-13,14.466073989868164,27.466073989868164
outdoorsplants_2,32,5,48,-16,10.810205459594727,26.810205459594727
outdoorsplants_2,32,6,48,-16,14.776009559631348,30.77600860595703
outdoorsplants_2,32,7,48,-16,11.668235778808594,27.668235778808594
outdoorsplants_3,23,1,3,20,26.842674255371094,6.842674255371094
outdoorsplants_3,23,2,30,-7,-8.268847465515137,1.2688474655151367
outdoorsplants_6,25,1,5,20,23.974695205688477,3.9746952056884766
outdoorsplants_7,19,1,0,19,17.52634048461914,1.4736595153808594
outdoorsplants_8,20,1,0,20,11.471964836120605,8.528035163879395
outdoorsplants_8,20,2,11,9,4.495440483093262,4.504559516906738
outdoorsplants_9,23,1,3,20,16.50296974182129,3.497030258178711
photobox1_0,22,1,2,20,18.96845817565918,1.0315418243408203
photobox1_1,22,1,2,20,16.554931640625,3.445068359375
photobox1_2,22,1,2,20,21.955230712890625,1.955230712890625
photobox1_3,23,1,3,20,15.580183029174805,4.419816970825195
photobox1_4,21,1,1,20,15.072979927062988,4.927020072937012
photobox1_5,22,1,2,20,16.123153686523438,3.8768463134765625
photobox1_6,23,1,3,20,9.599210739135742,10.400789260864258
photobox1_6,23,2,13,10,8.538445472717285,1.4615545272827148
photobox1_7,22,1,2,20,18.531814575195312,1.4681854248046875
photobox1_8,22,1,2,20,14.94283390045166,5.05716609954834
photobox1_8,22,2,17,5,6.049358367919922,1.0493583679199219
photobox1_9,26,1,6,20,21.866151809692383,1.8661518096923828
photobox2_0,23,1,3,20,18.227245330810547,1.7727546691894531
photobox2_1,23,1,3,20,11.428149223327637,8.571850776672363
photobox2_1,23,2,14,9,2.1791718006134033,6.820828437805176
photobox2_1,23,3,16,7,3.3935112953186035,3.6064887046813965
photobox2_2,23,1,3,20,16.22933006286621,3.770669937133789
photobox2_3,23,1,3,20,15.216397285461426,4.783602714538574
photobox2_4,24,1,4,20,11.2973051071167,8.7026948928833
photobox2_4,24,2,15,9,13.118437767028809,4.118437767028809
photobox2_5,26,1,6,20,15.873330116271973,4.126669883728027
photobox2_6,22,1,2,20,3.9519996643066406,16.04800033569336
photobox2_6,22,2,6,16,8.509635925292969,7.490364074707031
photobox2_6,22,3,15,7,-0.9872745871543884,7.987274646759033
photobox2_6,22,4,14,8,1.2777775526046753,6.722222328186035
photobox2_6,22,5,15,7,1.3584450483322144,5.641554832458496
photobox2_6,22,6,16,6,-1.001507043838501,7.001506805419922
photobox2_6,22,7,15,7,2.4309325218200684,4.569067478179932
photobox2_7,22,1,2,20,15.887709617614746,4.112290382385254
photobox2_8,29,1,9,20,36.74077224731445,16.740772247314453
photobox2_8,29,2,46,-17,-12.233705520629883,4.766294479370117
photobox2_9,23,1,3,20,24.112062454223633,4.112062454223633
randomsurplus_0,19,1,0,19,-0.038662783801555634,19.03866195678711
randomsurplus_0,19,2,0,19,8.04328727722168,10.95671272277832
randomsurplus_0,19,3,8,11,-20.046789169311523,31.046789169311523
randomsurplus_0,19,4,0,19,16.726177215576172,2.273822784423828
randomsurplus_1,41,1,21,20,10.100675582885742,9.899324417114258
randomsurplus_1,41,2,31,10,8.1776762008667,1.8223237991333008
randomsurplus_2,20,1,0,20,9.278837203979492,10.721162796020508
randomsurplus_2,20,2,9,11,13.350930213928223,2.3509302139282227
randomsurplus_3,29,1,9,20,17.209383010864258,2.790616989135742
randomsurplus_4,29,1,9,20,22.450532913208008,2.450532913208008
randomsurplus_5,21,1,1,20,29.876121520996094,9.876121520996094
randomsurplus_5,21,2,31,-10,-16.317890167236328,6.317890167236328
randomsurplus_5,21,3,15,6,0.44929468631744385,5.550705432891846
randomsurplus_5,21,4,15,6,-6.214418411254883,12.214418411254883
randomsurplus_5,21,5,9,12,2.316920042037964,9.683079719543457
randomsurplus_5,21,6,11,10,12.569114685058594,2.5691146850585938
randomsurplus_6,22,1,2,20,6.9975199699401855,13.002479553222656
randomsurplus_6,22,2,9,13,7.490492343902588,5.509507656097412
randomsurplus_6,22,3,16,6,2.5500919818878174,3.4499080181121826
randomsurplus_7,22,1,2,20,21.176082611083984,1.1760826110839844
randomsurplus_8,28,1,8,20,20.510690689086914,0.5106906890869141
randomsurplus_9,28,1,8,20,12.101189613342285,7.898810386657715
randomsurplus_9,28,2,20,8,0.07066255062818527,7.929337501525879
randomsurplus_9,28,3,20,8,-0.5523657202720642,8.55236530303955
randomsurplus_9,28,4,19,9,-1.7523900270462036,10.752389907836914
randomsurplus_9,28,5,17,11,3.3953676223754883,7.604632377624512
randomsurplus_9,28,6,20,8,-1.5728540420532227,9.572854042053223
randomsurplus_9,28,7,18,10,0.4822724461555481,9.517727851867676
secondfloorbalcony_0,32,1,12,20,11.72295093536377,8.27704906463623
secondfloorbalcony_0,32,2,24,8,6.578098773956299,1.4219012260437012
secondfloorbalcony_1,34,1,14,20,34.1888542175293,14.188854217529297
secondfloorbalcony_1,34,2,48,-14,-8.59883975982666,5.40116024017334
secondfloorbalcony_1,34,3,39,-5,-4.781802177429199,0.21819782257080078
secondfloorbalcony_3,20,1,0,20,4.786925315856934,15.213074684143066
secondfloorbalcony_3,20,2,5,15,2.634125232696533,12.365875244140625
secondfloorbalcony_3,20,3,8,12,-0.8147775530815125,12.814777374267578
secondfloorbalcony_3,20,4,7,13,3.9609782695770264,9.039021492004395
secondfloorbalcony_3,20,5,11,9,2.0126264095306396,6.987373352050781
secondfloorbalcony_3,20,6,13,7,0.3775131404399872,6.6224870681762695
secondfloorbalcony_3,20,7,13,7,1.7240840196609497,5.27591609954834
secondfloorbalcony_4,23,1,3,20,-8.896958351135254,28.896957397460938
secondfloorbalcony_4,23,2,0,23,27.425395965576172,4.425395965576172
secondfloorbalcony_6,23,1,3,20,16.4127140045166,3.5872859954833984
secondfloorbalcony_7,19,1,0,19,11.411131858825684,7.588868141174316
secondfloorbalcony_7,19,2,11,8,2.5867252349853516,5.413274765014648
secondfloorbalcony_7,19,3,14,5,4.063049793243408,0.9369502067565918
secondfloorbalcony_8,19,1,0,19,18.9390811920166,0.06091880798339844
secondfloorbalcony_9,21,1,1,20,12.91535758972168,7.08464241027832
secondfloorbalcony_9,21,2,14,7,5.023679256439209,1.976320743560791
tableroom_0,19,1,0,19,4.340751647949219,14.659248352050781
tableroom_0,19,2,4,15,12.66344165802002,2.3365583419799805
tableroom_1,22,1,2,20,24.471242904663086,4.471242904663086
tableroom_2,44,1,24,20,43.6841926574707,23.684192657470703
tableroom_2,44,2,48,-4,28.08810043334961,32.08810043334961
tableroom_2,44,3,48,-4,25.02109146118164,29.02109146118164
tableroom_2,44,4,48,-4,32.557193756103516,36.557193756103516
tableroom_2,44,5,48,-4,21.655113220214844,25.655113220214844
tableroom_2,44,6,48,-4,26.685510635375977,30.685510635375977
tableroom_2,44,7,48,-4,41.07636260986328,45.07636260986328
tableroom_3,33,1,13,20,-5.112884998321533,25.112884521484375
tableroom_3,33,2,8,25,18.024721145629883,6.975278854370117
tableroom_3,33,3,26,7,14.387049674987793,7.387049674987793
tableroom_3,33,4,40,-7,-4.178679466247559,2.8213205337524414
tableroom_4,45,1,25,20,12.449110984802246,7.550889015197754
tableroom_4,45,2,37,8,14.293664932250977,6.293664932250977
tableroom_4,45,3,48,-3,-0.09857127815485,2.901428699493408
tableroom_5,33,1,13,20,18.38259506225586,1.6174049377441406
