filename,CorrectPosition,focus_time,index,label,pred,loss
home1_0,29,1,29,0,-9.364335060119629,9.364335060119629
home1_0,29,2,20,9,14.388382911682129,5.388382911682129
home1_0,29,3,34,-5,-19.845914840698242,14.845914840698242
home1_0,29,4,14,15,22.46059799194336,7.460597991943359
home1_0,29,5,36,-7,-13.31924819946289,6.319248199462891
home1_0,29,6,23,6,-1.0216408967971802,7.021640777587891
home1_0,29,7,22,7,8.318329811096191,1.3183298110961914
home1_1,23,1,6,17,15.189554214477539,1.810445785522461
home1_2,34,1,27,7,14.496477127075195,7.496477127075195
home1_2,34,2,41,-7,5.005611419677734,12.005611419677734
home1_2,34,3,46,-12,-6.643442153930664,5.356557846069336
home1_2,34,4,39,-5,2.727428674697876,7.727428436279297
home1_2,34,5,42,-8,0.2682676315307617,8.268267631530762
home1_2,34,6,42,-8,1.441919207572937,9.441919326782227
home1_2,34,7,43,-9,-2.5714621543884277,6.428537845611572
home1_2,34,8,40,-6,1.2274179458618164,7.227417945861816
home1_2,34,9,41,-7,2.000678062438965,9.000678062438965
home1_2,34,10,43,-9,0.19759979844093323,9.197599411010742
home1_3,30,1,24,6,16.407440185546875,10.407440185546875
home1_3,30,2,40,-10,0.09282265603542328,10.092823028564453
home1_3,30,3,40,-10,-3.057176351547241,6.94282341003418
home1_3,30,4,37,-7,7.601406574249268,14.60140609741211
home1_3,30,5,45,-15,-7.933290481567383,7.066709518432617
home1_3,30,6,37,-7,-0.6246933937072754,6.375306606292725
home1_3,30,7,36,-6,3.73427677154541,9.73427677154541
home1_3,30,8,40,-10,-3.5764636993408203,6.42353630065918
home1_3,30,9,36,-6,1.0897862911224365,7.089786529541016
home1_3,30,10,37,-7,-2.8366634845733643,4.163336753845215
home1_5,33,1,16,17,35.411842346191406,18.411842346191406
home1_5,33,2,48,-15,2.232259511947632,17.23225975036621
home1_5,33,3,48,-15,7.8313398361206055,22.831340789794922
home1_5,33,4,48,-15,7.514705657958984,22.514705657958984
home1_5,33,5,48,-15,7.999850749969482,22.99985122680664
home1_5,33,6,48,-15,-5.0018534660339355,9.998146057128906
home1_5,33,7,43,-10,8.106169700622559,18.106170654296875
home1_5,33,8,48,-15,-2.4000120162963867,12.599987983703613
home1_5,33,9,46,-13,9.481515884399414,22.481515884399414
home1_5,33,10,48,-15,8.71351432800293,23.71351432800293
home1_6,32,1,42,-10,-11.1831636428833,1.1831636428833008
home1_8,31,1,41,-10,-1.1229740381240845,8.877025604248047
home1_8,31,2,40,-9,-6.614130020141602,2.3858699798583984
home1_9,25,1,16,9,15.662964820861816,6.662964820861816
home1_9,25,2,32,-7,2.214590072631836,9.214590072631836
home1_9,25,3,34,-9,-11.39267349243164,2.3926734924316406
home2_0,36,1,36,0,7.985775947570801,7.985775947570801
home2_0,36,2,44,-8,-3.9721391201019287,4.027860641479492
home2_1,37,1,4,33,28.2113094329834,4.788690567016602
home2_2,36,1,25,11,-9.497526168823242,20.497526168823242
home2_2,36,2,16,20,11.875650405883789,8.124349594116211
home2_2,36,3,28,8,-5.220801830291748,13.220802307128906
home2_2,36,4,23,13,3.5075523853302,9.492447853088379
home2_2,36,5,27,9,-15.512458801269531,24.51245880126953
home2_2,36,6,11,25,-8.349047660827637,33.34904861450195
home2_2,36,7,3,33,0.04884858801960945,32.95115280151367
home2_2,36,8,3,33,16.676006317138672,16.323993682861328
home2_2,36,9,20,16,-4.789353370666504,20.789352416992188
home2_2,36,10,15,21,15.783878326416016,5.216121673583984
home2_3,29,1,14,15,21.59823989868164,6.598239898681641
home2_3,29,2,36,-7,6.218383312225342,13.2183837890625
home2_3,29,3,42,-13,-6.470545291900635,6.529454708099365
home2_3,29,4,36,-7,-0.32738491892814636,6.672615051269531
home2_3,29,5,36,-7,5.502309322357178,12.502309799194336
home2_3,29,6,42,-13,-3.7101988792419434,9.289800643920898
home2_3,29,7,38,-9,-2.5118067264556885,6.488193511962891
home2_3,29,8,35,-6,2.6905345916748047,8.690534591674805
home2_3,29,9,38,-9,-1.812705159187317,7.187294960021973
home2_3,29,10,36,-7,4.4323248863220215,11.43232536315918
home2_4,34,1,21,13,-11.354104042053223,24.354103088378906
home2_4,34,2,10,24,-12.088348388671875,36.088348388671875
home2_4,34,3,0,34,7.839553356170654,26.160446166992188
home2_4,34,4,8,26,13.70556926727295,12.29443073272705
home2_4,34,5,22,12,-5.7615203857421875,17.761520385742188
home2_4,34,6,16,18,-13.03420352935791,31.034202575683594
home2_4,34,7,3,31,0.25802525877952576,30.741973876953125
home2_4,34,8,3,31,19.471765518188477,11.528234481811523
home2_4,34,9,22,12,18.47800636291504,6.478006362915039
home2_4,34,10,40,-6,-8.627029418945312,2.6270294189453125
home2_5,29,1,10,19,26.059913635253906,7.059913635253906
home2_5,29,2,36,-7,4.396651268005371,11.396651268005371
home2_5,29,3,40,-11,6.283429145812988,17.283428192138672
home2_5,29,4,46,-17,-9.633123397827148,7.366876602172852
home2_5,29,5,36,-7,3.1234586238861084,10.123458862304688
home2_5,29,6,39,-10,2.0624780654907227,12.062478065490723
home2_5,29,7,41,-12,-1.1107089519500732,10.889290809631348
home2_5,29,8,40,-11,-4.837731838226318,6.162268161773682
home2_5,29,9,35,-6,8.458308219909668,14.458308219909668
home2_5,29,10,43,-14,-10.357966423034668,3.642033576965332
home2_6,25,1,26,-1,-9.286081314086914,8.286081314086914
home2_6,25,2,17,8,7.466638088226318,0.5333619117736816
home2_7,36,1,34,2,13.126513481140137,11.126513481140137
home2_7,36,2,47,-11,-18.13759994506836,7.137599945068359
home2_7,36,3,29,7,11.010931968688965,4.010931968688965
home2_8,34,1,1,33,-7.23167085647583,40.23167037963867
home2_8,34,2,0,34,22.315309524536133,11.684690475463867
home2_8,34,3,22,12,11.954805374145508,0.04519462585449219
home2_9,28,1,4,24,26.628259658813477,2.6282596588134766
microkitchen1_0,21,1,9,12,17.23180389404297,5.231803894042969
microkitchen1_0,21,2,26,-5,-5.62685489654541,0.6268548965454102
microkitchen1_1,21,1,2,19,29.328977584838867,10.328977584838867
microkitchen1_1,21,2,31,-10,-8.277408599853516,1.7225914001464844
microkitchen1_2,21,1,34,-13,-8.564173698425293,4.435826301574707
microkitchen1_3,24,1,30,-6,-3.9446475505828857,2.0553524494171143
microkitchen1_4,25,1,39,-14,-7.593056678771973,6.406943321228027
microkitchen1_4,25,2,31,-6,0.8024653792381287,6.802465438842773
microkitchen1_4,25,3,32,-7,1.9123971462249756,8.912397384643555
microkitchen1_4,25,4,34,-9,-2.827699899673462,6.172300338745117
microkitchen1_4,25,5,31,-6,1.9524005651474,7.9524006843566895
microkitchen1_4,25,6,33,-8,-0.581186056137085,7.418813705444336
microkitchen1_4,25,7,32,-7,-3.0584800243377686,3.9415199756622314
microkitchen1_5,24,1,7,17,27.056543350219727,10.056543350219727
microkitchen1_5,24,2,34,-10,-6.455426216125488,3.5445737838745117
microkitchen1_6,25,1,47,-22,-19.015850067138672,2.984149932861328
microkitchen1_7,23,1,24,-1,-6.383762359619141,5.383762359619141
microkitchen1_7,23,2,18,5,4.775749206542969,0.22425079345703125
microkitchen1_8,27,1,5,22,29.8481388092041,7.848138809204102
microkitchen1_8,27,2,35,-8,-1.4632982015609741,6.536701679229736
microkitchen1_8,27,3,34,-7,1.1528245210647583,8.152824401855469
microkitchen1_8,27,4,35,-8,-3.8746373653411865,4.125362396240234
microkitchen1_9,20,1,15,5,2.7612693309783936,2.2387306690216064
pillowroom1_0,39,1,20,19,31.060714721679688,12.060714721679688
pillowroom1_0,39,2,48,-9,-0.9765731692314148,8.02342700958252
pillowroom1_0,39,3,47,-8,6.181253433227539,14.181253433227539
pillowroom1_0,39,4,48,-9,28.209447860717773,37.209449768066406
pillowroom1_0,39,5,48,-9,-3.6080758571624756,5.391923904418945
pillowroom1_0,39,6,44,-5,26.57387924194336,31.57387924194336
pillowroom1_0,39,7,48,-9,-2.2603766918182373,6.739623069763184
pillowroom1_0,39,8,46,-7,2.6388614177703857,9.638861656188965
pillowroom1_0,39,9,48,-9,-7.327393531799316,1.6726064682006836
pillowroom1_1,42,1,33,9,19.34968376159668,10.34968376159668
pillowroom1_1,42,2,48,-6,-0.574500322341919,5.42549991607666
pillowroom1_1,42,3,47,-5,-1.4569765329360962,3.5430235862731934
pillowroom1_2,37,1,16,21,13.32575798034668,7.67424201965332
pillowroom1_2,37,2,29,8,4.361078262329102,3.6389217376708984
pillowroom1_5,44,1,25,19,17.168291091918945,1.8317089080810547
pillowroom1_6,26,1,36,-10,-10.11277961730957,0.11277961730957031
pillowroom1_7,36,1,16,20,22.186017990112305,2.1860179901123047
pillowroom1_8,32,1,10,22,25.720308303833008,3.720308303833008
pillowroom1_9,22,1,20,2,1.2829471826553345,0.7170528173446655
secondfloorgames_0,20,1,28,-8,-8.82699966430664,0.8269996643066406
secondfloorgames_1,20,1,8,12,19.514240264892578,7.514240264892578
secondfloorgames_1,20,2,28,-8,6.450219631195068,14.450220108032227
secondfloorgames_1,20,3,34,-14,-16.1184024810791,2.1184024810791016
secondfloorgames_2,23,1,43,-20,-22.29140853881836,2.2914085388183594
secondfloorgames_3,25,1,1,24,38.980106353759766,14.980106353759766
secondfloorgames_3,25,2,40,-15,-15.400457382202148,0.40045738220214844
secondfloorgames_4,23,1,35,-12,-8.75777530670166,3.24222469329834
secondfloorgames_5,25,1,48,-23,-21.807769775390625,1.192230224609375
secondfloorgames_6,24,1,1,23,24.116207122802734,1.1162071228027344
secondfloorgames_7,24,1,25,-1,0.3362616002559662,1.3362616300582886
secondfloorgames_8,22,1,32,-10,-9.507462501525879,0.4925374984741211
secondfloorgames_9,43,1,39,4,12.157975196838379,8.157975196838379
secondfloorgames_9,43,2,48,-5,-12.515314102172852,7.515314102172852
secondfloorgames_9,43,3,35,8,21.30974578857422,13.309745788574219
secondfloorgames_9,43,4,48,-5,-9.688257217407227,4.688257217407227
apt1_0,25,1,11,14,28.443397521972656,14.443397521972656
apt1_0,25,2,39,-14,-13.054463386535645,0.9455366134643555
apt1_1,21,1,46,-25,-19.87300682067871,5.126993179321289
apt1_1,21,2,26,-5,-3.22617769241333,1.77382230758667
apt1_2,23,1,19,4,7.084057331085205,3.084057331085205
apt1_3,25,1,24,1,-2.564030408859253,3.564030408859253
apt1_4,22,1,19,3,0.4756876230239868,2.5243124961853027
apt1_5,22,1,29,-7,14.364770889282227,21.364770889282227
apt1_5,22,2,43,-21,-12.238801002502441,8.761198997497559
apt1_5,22,3,31,-9,0.14387725293636322,9.143877029418945
apt1_5,22,4,31,-9,-5.0606536865234375,3.9393463134765625
apt1_6,22,1,11,11,9.626619338989258,1.3733806610107422
apt1_7,23,1,18,5,5.027738571166992,0.027738571166992188
apt1_8,29,1,39,-10,-14.337121963500977,4.337121963500977
apt1_9,22,1,24,-2,3.042658805847168,5.042658805847168
apt1_9,22,2,27,-5,-6.296838760375977,1.2968387603759766
apt2_0,32,1,30,2,17.73180389404297,15.731803894042969
apt2_0,32,2,48,-16,-7.119931697845459,8.880067825317383
apt2_0,32,3,41,-9,-1.4412550926208496,7.55874490737915
apt2_0,32,4,40,-8,-0.4620094895362854,7.537990570068359
apt2_0,32,5,40,-8,-1.1355414390563965,6.8644585609436035
apt2_0,32,6,39,-7,2.0429320335388184,9.042932510375977
apt2_0,32,7,41,-9,2.0267820358276367,11.026782035827637
apt2_0,32,8,43,-11,-2.4094645977020264,8.590535163879395
apt2_0,32,9,41,-9,4.522664546966553,13.522665023803711
apt2_0,32,10,46,-14,-8.197072982788086,5.802927017211914
apt2_1,21,1,25,-4,0.41076985001564026,4.410769939422607
apt2_2,25,1,8,17,22.851938247680664,5.851938247680664
apt2_2,25,2,31,-6,-5.866641521453857,0.13335847854614258
apt2_3,27,1,5,22,23.25435447692871,1.254354476928711
apt2_4,23,1,2,21,35.425907135009766,14.425907135009766
apt2_4,23,2,37,-14,-18.61176872253418,4.61176872253418
apt2_5,26,1,8,18,25.3433780670166,7.343378067016602
apt2_5,26,2,33,-7,18.80079460144043,25.80079460144043
apt2_5,26,3,48,-22,19.07147789001465,41.07147979736328
apt2_5,26,4,48,-22,-13.5407133102417,8.4592866897583
apt2_5,26,5,34,-8,-4.322540760040283,3.677459239959717
apt2_6,25,1,29,-4,3.172163486480713,7.172163486480713
apt2_6,25,2,32,-7,7.651081085205078,14.651081085205078
apt2_6,25,3,40,-15,13.093555450439453,28.093555450439453
apt2_6,25,4,48,-23,-12.895445823669434,10.104554176330566
apt2_6,25,5,35,-10,-0.3724169135093689,9.627583503723145
apt2_6,25,6,35,-10,-2.6829092502593994,7.31709098815918
apt2_6,25,7,32,-7,9.304093360900879,16.304092407226562
apt2_6,25,8,41,-16,-13.283727645874023,2.7162723541259766
apt2_7,26,1,24,2,15.746615409851074,13.746615409851074
apt2_7,26,2,40,-14,-11.5560884475708,2.443911552429199
apt2_8,30,1,1,29,28.985652923583984,0.014347076416015625
apt2_9,23,1,19,4,16.768896102905273,12.768896102905273
apt2_9,23,2,36,-13,-6.164379596710205,6.835620403289795
apt2_9,23,3,30,-7,-1.4331839084625244,5.566816329956055
apt2_9,23,4,29,-6,-2.903362512588501,3.096637487411499
books_0,25,1,26,-1,8.736893653869629,9.736893653869629
books_0,25,2,35,-10,-17.621994018554688,7.6219940185546875
books_0,25,3,17,8,17.99458885192871,9.994588851928711
books_0,25,4,35,-10,-8.968962669372559,1.0310373306274414
books_1,25,1,6,19,19.948850631713867,0.9488506317138672
books_2,21,1,22,-1,-4.664226531982422,3.664226531982422
books_3,23,1,29,-6,-1.5713517665863037,4.428647994995117
books_4,24,1,47,-23,-17.55824089050293,5.44175910949707
books_4,24,2,29,-5,0.5832152366638184,5.583215236663818
books_4,24,3,30,-6,4.943095684051514,10.943096160888672
books_4,24,4,35,-11,-3.0551116466522217,7.944888114929199
books_4,24,5,32,-8,-15.099974632263184,7.099974632263184
books_4,24,6,17,7,19.452362060546875,12.452362060546875
books_4,24,7,36,-12,-8.219944953918457,3.780055046081543
books_5,21,1,8,13,18.423614501953125,5.423614501953125
books_5,21,2,26,-5,-3.5524449348449707,1.4475550651550293
books_6,20,1,21,-1,-4.657923698425293,3.657923698425293
books_7,46,1,22,24,32.61288070678711,8.61288070678711
books_7,46,2,48,-2,14.737129211425781,16.73712921142578
books_7,46,3,48,-2,17.741750717163086,19.741750717163086
books_7,46,4,48,-2,11.212756156921387,13.212756156921387
books_7,46,5,48,-2,10.604510307312012,12.604510307312012
books_7,46,6,48,-2,18.060546875,20.060546875
books_7,46,7,48,-2,10.937289237976074,12.937289237976074
books_7,46,8,48,-2,11.603408813476562,13.603408813476562
books_7,46,9,48,-2,12.979695320129395,14.979695320129395
books_7,46,10,48,-2,12.131695747375488,14.131695747375488
books_8,25,1,26,-1,16.056581497192383,17.056581497192383
books_8,25,2,42,-17,-1.3343228101730347,15.665677070617676
books_8,25,3,41,-16,5.088136196136475,21.088136672973633
books_8,25,4,46,-21,-0.7225235104560852,20.277477264404297
books_8,25,5,45,-20,-3.5315725803375244,16.468427658081055
books_8,25,6,41,-16,-1.7806562185287476,14.219344139099121
books_8,25,7,39,-14,5.253020286560059,19.253021240234375
books_8,25,8,44,-19,0.16227975487709045,19.16227912902832
books_8,25,9,44,-19,-0.10319066792726517,18.896808624267578
books_8,25,10,44,-19,-1.7347558736801147,17.265243530273438
books_9,31,1,35,-4,4.074862003326416,8.074861526489258
books_9,31,2,39,-8,-2.060457229614258,5.939542770385742
books_9,31,3,37,-6,-12.52718734741211,6.527187347412109
books_9,31,4,24,7,15.508188247680664,8.508188247680664
books_9,31,5,40,-9,-6.286708354949951,2.713291645050049
bottles_0,22,1,10,12,12.72574234008789,0.7257423400878906
bottles_1,22,1,5,17,27.78506088256836,10.78506088256836
bottles_1,22,2,33,-11,-13.298962593078613,2.2989625930786133
bottles_2,23,1,24,-1,6.7650957107543945,7.7650957107543945
bottles_2,23,2,31,-8,-8.34811782836914,0.3481178283691406
bottles_3,29,1,8,21,-1.7535901069641113,22.753589630126953
bottles_3,29,2,6,23,-8.882054328918457,31.88205337524414
bottles_3,29,3,0,29,-10.671984672546387,39.6719856262207
bottles_3,29,4,0,29,7.584855079650879,21.415145874023438
bottles_3,29,5,8,21,-6.609358310699463,27.609357833862305
bottles_3,29,6,1,28,-6.315578937530518,34.31557846069336
bottles_3,29,7,0,29,1.5994256734848022,27.40057373046875
bottles_3,29,8,2,27,-10.614104270935059,37.614105224609375
bottles_3,29,9,0,29,-16.043779373168945,45.04377746582031
bottles_3,29,10,0,29,-16.36661148071289,45.36661148071289
bottles_4,26,1,42,-16,-11.386357307434082,4.613642692565918
bottles_5,26,1,31,-5,-1.638174295425415,3.361825704574585
bottles_6,40,1,2,38,29.100093841552734,8.899906158447266
bottles_6,40,2,31,9,15.626114845275879,6.626114845275879
bottles_6,40,3,47,-7,8.634200096130371,15.634200096130371
bottles_6,40,4,48,-8,-2.7080562114715576,5.291943550109863
bottles_6,40,5,45,-5,3.9191503524780273,8.919150352478027
bottles_6,40,6,48,-8,-1.129043698310852,6.8709564208984375
bottles_6,40,7,47,-7,2.79256534576416,9.79256534576416
bottles_6,40,8,48,-8,-0.925524115562439,7.0744757652282715
bottles_6,40,9,47,-7,-0.16074584424495697,6.839254379272461
bottles_6,40,10,47,-7,2.6749353408813477,9.674935340881348
bottles_7,26,1,5,21,32.1612434387207,11.161243438720703
bottles_7,26,2,37,-11,23.10050392150879,34.100502014160156
bottles_7,26,3,48,-22,10.770989418029785,32.77098846435547
bottles_7,26,4,48,-22,-16.85381507873535,5.146184921264648
bottles_7,26,5,31,-5,15.51939868927002,20.519397735595703
bottles_7,26,6,47,-21,-5.205390453338623,15.794609069824219
bottles_7,26,7,42,-16,-13.947855949401855,2.0521440505981445
bottles_8,27,1,16,11,17.272167205810547,6.272167205810547
bottles_8,27,2,33,-6,-0.11257091909646988,5.887429237365723
bottles_8,27,3,33,-6,0.6885172128677368,6.688517093658447
bottles_8,27,4,34,-7,-9.259600639343262,2.2596006393432617
bottles_9,42,1,5,37,24.481327056884766,12.518672943115234
bottles_9,42,2,29,13,13.164291381835938,0.1642913818359375
campusoutdoors1_0,20,1,41,-21,-16.094533920288086,4.905466079711914
campusoutdoors1_1,20,1,33,-13,-21.535465240478516,8.535465240478516
campusoutdoors1_1,20,2,11,9,5.825046539306641,3.1749534606933594
campusoutdoors1_2,21,1,12,9,14.298371315002441,5.298371315002441
campusoutdoors1_2,21,2,26,-5,0.1730886995792389,5.173088550567627
campusoutdoors1_2,21,3,26,-5,0.8771353960037231,5.877135276794434
campusoutdoors1_2,21,4,27,-6,-3.8923585414886475,2.1076414585113525
campusoutdoors1_3,20,1,26,-6,-12.336305618286133,6.336305618286133
campusoutdoors1_3,20,2,14,6,3.7137577533721924,2.2862422466278076
campusoutdoors1_4,22,1,45,-23,-19.488697052001953,3.511302947998047
campusoutdoors1_5,22,1,28,-6,-14.018662452697754,8.018662452697754
campusoutdoors1_5,22,2,14,8,0.6311114430427551,7.3688883781433105
campusoutdoors1_5,22,3,15,7,8.03510570526123,1.0351057052612305
campusoutdoors1_6,22,1,12,10,25.354515075683594,15.354515075683594
campusoutdoors1_6,22,2,37,-15,-9.952532768249512,5.047467231750488
campusoutdoors1_6,22,3,27,-5,10.934382438659668,15.934382438659668
campusoutdoors1_6,22,4,38,-16,-11.791939735412598,4.208060264587402
campusoutdoors1_7,47,1,3,44,41.45541763305664,2.5445823669433594
campusoutdoors1_8,19,1,38,-19,-24.673986434936523,5.673986434936523
campusoutdoors1_8,19,2,13,6,2.8994410037994385,3.1005589962005615
campusoutdoors1_9,19,1,39,-20,-21.115144729614258,1.1151447296142578
campusoutdoors2_0,20,1,27,-7,-12.852983474731445,5.852983474731445
campusoutdoors2_0,20,2,14,6,10.607378005981445,4.607378005981445
campusoutdoors2_1,36,1,21,15,17.278249740600586,2.278249740600586
campusoutdoors2_3,27,1,7,20,22.99639320373535,2.9963932037353516
campusoutdoors2_4,27,1,3,24,22.96204376220703,1.0379562377929688
campusoutdoors2_5,30,1,28,2,7.170053005218506,5.170053005218506
campusoutdoors2_5,30,2,35,-5,-9.101016998291016,4.101016998291016
campusoutdoors2_6,22,1,18,4,4.05005407333374,0.050054073333740234
campusoutdoors2_7,23,1,37,-14,-10.257562637329102,3.7424373626708984
campusoutdoors2_8,23,1,16,7,-1.4890650510787964,8.489065170288086
campusoutdoors2_8,23,2,15,8,4.420252323150635,3.5797476768493652
campusoutdoors2_9,24,1,21,3,6.165035247802734,3.1650352478027344
fakeplants_0,23,1,15,8,12.9990816116333,4.999081611633301
fakeplants_1,22,1,31,-9,-17.66817283630371,8.668172836303711
fakeplants_1,22,2,13,9,17.39109992980957,8.39109992980957
fakeplants_1,22,3,30,-8,-10.764667510986328,2.764667510986328
fakeplants_2,21,1,10,11,14.085448265075684,3.0854482650756836
fakeplants_3,27,1,44,-17,-16.011659622192383,0.9883403778076172
fakeplants_4,24,1,30,-6,-1.792385220527649,4.207614898681641
fakeplants_5,21,1,25,-4,-3.6560513973236084,0.3439486026763916
fakeplants_6,21,1,16,5,10.685552597045898,5.685552597045898
fakeplants_6,21,2,27,-6,-3.287277936935425,2.712722063064575
fakeplants_7,22,1,43,-21,-16.090824127197266,4.909175872802734
fakeplants_8,22,1,17,5,9.36458969116211,4.364589691162109
fakeplants_9,21,1,10,11,12.21650218963623,1.2165021896362305
garage2_0,22,1,4,18,20.448225021362305,2.4482250213623047
garage2_1,25,1,9,16,22.018760681152344,6.018760681152344
garage2_1,25,2,31,-6,-11.754427909851074,5.754427909851074
garage2_1,25,3,19,6,6.7607293128967285,0.7607293128967285
garage2_2,31,1,19,12,18.253902435302734,6.253902435302734
garage2_2,31,2,37,-6,-2.7142083644866943,3.2857916355133057
garage2_3,38,1,5,33,26.5634708404541,6.436529159545898
garage2_3,38,2,32,6,33.91254425048828,27.91254425048828
garage2_3,38,3,48,-10,21.456499099731445,31.456499099731445
garage2_3,38,4,48,-10,25.004804611206055,35.00480651855469
garage2_3,38,5,48,-10,22.090557098388672,32.09055709838867
garage2_3,38,6,48,-10,24.29522705078125,34.29522705078125
garage2_3,38,7,48,-10,22.57245445251465,32.57245635986328
garage2_3,38,8,48,-10,25.78940773010254,35.789405822753906
garage2_3,38,9,48,-10,25.596593856811523,35.596595764160156
garage2_3,38,10,48,-10,20.324995040893555,30.324995040893555
garage2_4,26,1,9,17,23.56183433532715,6.561834335327148
garage2_4,26,2,33,-7,-4.156848430633545,2.843151569366455
garage2_5,36,1,28,8,26.136123657226562,18.136123657226562
garage2_5,36,2,48,-12,2.0220675468444824,14.02206802368164
garage2_5,36,3,48,-12,-15.265262603759766,3.2652626037597656
garage2_6,25,1,14,11,19.947830200195312,8.947830200195312
garage2_6,25,2,34,-9,-6.965347766876221,2.0346522331237793
garage2_7,21,1,11,10,15.136017799377441,5.136017799377441
garage2_7,21,2,26,-5,-5.045310020446777,0.045310020446777344
garage2_8,22,1,43,-21,-22.251628875732422,1.2516288757324219
garage2_9,23,1,45,-22,-17.197004318237305,4.802995681762695
garage_0,25,1,21,4,5.314102649688721,1.3141026496887207
garage_1,23,1,16,7,8.835987091064453,1.8359870910644531
garage_2,36,1,18,18,21.319660186767578,3.319660186767578
garage_3,21,1,36,-15,-12.788300514221191,2.2116994857788086
garage_4,36,1,10,26,19.670377731323242,6.329622268676758
garage_4,36,2,30,6,9.614974021911621,3.614974021911621
garage_6,26,1,24,2,5.885006904602051,3.885006904602051
garage_7,22,1,42,-20,-12.777215003967285,7.222784996032715
garage_7,22,2,29,-7,-3.4715445041656494,3.5284554958343506
garage_8,37,1,10,27,30.29439353942871,3.294393539428711
garage_9,20,1,16,4,8.496578216552734,4.496578216552734
hallway1_0,28,1,46,-18,0.1087837964296341,18.108783721923828
hallway1_0,28,2,46,-18,-12.8831787109375,5.1168212890625
hallway1_0,28,3,33,-5,4.150794982910156,9.150794982910156
hallway1_0,28,4,37,-9,-1.2112765312194824,7.788723468780518
hallway1_0,28,5,36,-8,-1.6377818584442139,6.362217903137207
hallway1_0,28,6,34,-6,3.790419578552246,9.790419578552246
hallway1_0,28,7,38,-10,0.38402023911476135,10.38401985168457
hallway1_0,28,8,38,-10,-1.7552059888839722,8.244793891906738
hallway1_0,28,9,36,-8,-2.905888319015503,5.094111442565918
hallway1_0,28,10,33,-5,0.8954078555107117,5.895407676696777
hallway1_2,31,1,4,27,28.362628936767578,1.3626289367675781
hallway1_3,25,1,22,3,11.438606262207031,8.438606262207031
hallway1_3,25,2,33,-8,8.360995292663574,16.36099624633789
hallway1_3,25,3,41,-16,-9.103304862976074,6.896695137023926
hallway1_3,25,4,32,-7,-0.3870447278022766,6.612955093383789
hallway1_3,25,5,32,-7,7.096610069274902,14.096610069274902
hallway1_3,25,6,39,-14,-10.837772369384766,3.1622276306152344
hallway1_4,28,1,32,-4,-0.36375030875205994,3.6362497806549072
hallway1_5,22,1,6,16,22.68733787536621,6.687337875366211
hallway1_5,22,2,29,-7,-4.310884952545166,2.689115047454834
hallway1_6,25,1,30,-5,-7.599213600158691,2.5992136001586914
hallway1_7,33,1,10,23,30.610960006713867,7.610960006713867
hallway1_7,33,2,41,-8,7.040615081787109,15.04061508178711
hallway1_7,33,3,48,-15,-2.370711326599121,12.629288673400879
hallway1_7,33,4,46,-13,-1.3735030889511108,11.626497268676758
hallway1_7,33,5,45,-12,-1.559253215789795,10.440746307373047
hallway1_7,33,6,43,-10,17.905250549316406,27.905250549316406
hallway1_7,33,7,48,-15,-0.17861177027225494,14.821388244628906
hallway1_7,33,8,48,-15,-1.0299737453460693,13.970026016235352
hallway1_7,33,9,47,-14,-2.949392318725586,11.050607681274414
hallway1_7,33,10,44,-11,2.6256303787231445,13.625630378723145
hallway1_8,42,1,10,32,31.52210235595703,0.47789764404296875
hallway1_9,37,1,10,27,28.173362731933594,1.1733627319335938
hallway2_0,27,1,41,-14,-13.037304878234863,0.9626951217651367
hallway2_1,28,1,31,-3,28.582752227783203,31.582752227783203
hallway2_1,28,2,48,-20,17.686508178710938,37.68650817871094
hallway2_1,28,3,48,-20,17.448455810546875,37.448455810546875
hallway2_1,28,4,48,-20,19.615482330322266,39.615482330322266
hallway2_1,28,5,48,-20,16.307113647460938,36.30711364746094
hallway2_1,28,6,48,-20,14.78116226196289,34.78116226196289
hallway2_1,28,7,48,-20,21.996658325195312,41.99665832519531
hallway2_1,28,8,48,-20,19.46843910217285,39.46843719482422
hallway2_1,28,9,48,-20,16.96038818359375,36.96038818359375
hallway2_1,28,10,48,-20,14.44156551361084,34.441566467285156
hallway2_2,26,1,30,-4,-1.5972471237182617,2.4027528762817383
