filename,CorrectPosition,focus_time,index,label,pred,loss
home1_0,29,1,0,29,47.271244049072266,18.271244049072266
home1_0,29,2,47,-18,-11.67723274230957,6.32276725769043
home1_0,29,3,35,-6,8.839448928833008,14.839448928833008
home1_0,29,4,44,-15,-11.631678581237793,3.368321418762207
home1_0,29,5,32,-3,3.2218241691589355,6.2218241691589355
home1_0,29,6,35,-6,-6.003108978271484,0.003108978271484375
home1_1,23,1,0,23,18.328718185424805,4.671281814575195
home1_1,23,2,18,5,-3.0950684547424316,8.095067977905273
home1_1,23,3,15,8,4.6782426834106445,3.3217573165893555
home1_1,23,4,20,3,-8.987902641296387,11.987902641296387
home1_1,23,5,11,12,7.809650897979736,4.190349102020264
home1_1,23,6,19,4,2.6094021797180176,1.3905978202819824
home1_2,37,1,7,30,24.4104061126709,5.589593887329102
home1_2,37,2,31,6,4.827162742614746,1.172837257385254
home1_3,32,1,2,30,20.860546112060547,9.139453887939453
home1_3,32,2,23,9,6.319980144500732,2.6800198554992676
home1_4,47,1,17,30,10.140069007873535,19.85993194580078
home1_4,47,2,27,20,10.99344253540039,9.00655746459961
home1_4,47,3,38,9,-0.0004799046437256038,9.000479698181152
home1_4,47,4,38,9,2.387979507446289,6.612020492553711
home1_4,47,5,40,7,-1.6485309600830078,8.648530960083008
home1_4,47,6,38,9,-0.4811379909515381,9.481138229370117
home1_4,47,7,38,9,2.69789719581604,6.302103042602539
home1_5,47,1,17,30,38.06697082519531,8.066970825195312
home1_5,47,2,48,-1,-0.07660423219203949,0.9233957529067993
home1_6,34,1,4,30,40.221797943115234,10.221797943115234
home1_6,34,2,44,-10,-6.404977798461914,3.595022201538086
home1_6,34,3,38,-4,-1.883522868156433,2.1164770126342773
home1_8,29,1,0,29,15.044522285461426,13.955477714538574
home1_8,29,2,15,14,8.380925178527832,5.619074821472168
home1_8,29,3,23,6,3.4027204513549805,2.5972795486450195
home1_9,26,1,0,26,7.2183637619018555,18.781635284423828
home1_9,26,2,7,19,6.659377098083496,12.340622901916504
home1_9,26,3,14,12,0.973189115524292,11.026810646057129
home1_9,26,4,15,11,-1.110890507698059,12.11089038848877
home1_9,26,5,14,12,12.827455520629883,0.8274555206298828
home2_0,38,1,8,30,31.590206146240234,1.5902061462402344
home2_2,43,1,13,30,8.122518539428711,21.87748146057129
home2_2,43,2,21,22,2.7304861545562744,19.269514083862305
home2_2,43,3,24,19,5.48587703704834,13.51412296295166
home2_2,43,4,29,14,2.8224713802337646,11.177528381347656
home2_2,43,5,32,11,0.41774675250053406,10.582253456115723
home2_2,43,6,32,11,6.56773042678833,4.43226957321167
home2_2,43,7,39,4,4.296925067901611,0.29692506790161133
home2_3,31,1,1,30,5.613265037536621,24.386734008789062
home2_3,31,2,7,24,7.696156978607178,16.303842544555664
home2_3,31,3,15,16,5.041508674621582,10.958491325378418
home2_3,31,4,20,11,3.9393491744995117,7.060650825500488
home2_3,31,5,24,7,1.5726244449615479,5.427375793457031
home2_3,31,6,26,5,-1.2434353828430176,6.243435382843018
home2_3,31,7,25,6,-1.1241306066513062,7.124130725860596
home2_4,34,1,4,30,4.4648237228393555,25.535175323486328
home2_4,34,2,8,26,9.731449127197266,16.268550872802734
home2_4,34,3,18,16,4.198343753814697,11.801656723022461
home2_4,34,4,22,12,10.825960159301758,1.1740398406982422
home2_5,30,1,0,30,12.84919548034668,17.15080451965332
home2_5,30,2,13,17,20.131086349487305,3.1310863494873047
home2_5,30,3,33,-3,6.6911540031433105,9.691154479980469
home2_5,30,4,40,-10,-4.051840305328369,5.948159694671631
home2_5,30,5,36,-6,4.09826135635376,10.098260879516602
home2_5,30,6,40,-10,-1.3356598615646362,8.664340019226074
home2_5,30,7,39,-9,3.177213668823242,12.177213668823242
home2_6,29,1,0,29,17.451190948486328,11.548809051513672
home2_6,29,2,17,12,17.357723236083984,5.357723236083984
home2_6,29,3,34,-5,2.3474268913269043,7.347426891326904
home2_6,29,4,36,-7,3.3079378604888916,10.307937622070312
home2_6,29,5,39,-10,4.45841646194458,14.458415985107422
home2_6,29,6,43,-14,-2.2082929611206055,11.791707038879395
home2_6,29,7,41,-12,-2.6263926029205322,9.373607635498047
home2_7,34,1,4,30,8.552274703979492,21.447725296020508
home2_7,34,2,13,21,8.664015769958496,12.335984230041504
home2_7,34,3,22,12,3.742412567138672,8.257587432861328
home2_7,34,4,26,8,1.8465062379837036,6.153493881225586
home2_7,34,5,28,6,5.121409893035889,0.8785901069641113
home2_9,30,1,0,30,26.581335067749023,3.4186649322509766
home2_9,30,2,27,3,7.112189769744873,4.112189769744873
home2_9,30,3,34,-4,1.898180603981018,5.8981804847717285
home2_9,30,4,36,-6,-2.7814888954162598,3.2185111045837402
home2_9,30,5,33,-3,2.860682249069214,5.860682487487793
home2_9,30,6,36,-6,-2.8773226737976074,3.1226773262023926
home2_9,30,7,33,-3,-0.8322603702545166,2.1677396297454834
microkitchen1_0,21,1,0,21,17.726383209228516,3.2736167907714844
microkitchen1_0,21,2,18,3,-1.8152823448181152,4.815282344818115
microkitchen1_0,21,3,16,5,-0.09692201018333435,5.096921920776367
microkitchen1_0,21,4,16,5,-0.5230467319488525,5.523046493530273
microkitchen1_0,21,5,15,6,-0.7982038855552673,6.798203945159912
microkitchen1_0,21,6,14,7,1.5983246564865112,5.401675224304199
microkitchen1_0,21,7,16,5,-1.3575255870819092,6.357525825500488
microkitchen1_1,21,1,0,21,20.05480194091797,0.9451980590820312
microkitchen1_2,21,1,0,21,23.76418113708496,2.764181137084961
microkitchen1_3,24,1,0,24,15.614777565002441,8.385222434997559
microkitchen1_3,24,2,16,8,4.7990264892578125,3.2009735107421875
microkitchen1_3,24,3,21,3,-0.6146806478500366,3.614680767059326
microkitchen1_3,24,4,20,4,1.680458903312683,2.3195409774780273
microkitchen1_4,25,1,0,25,25.284162521362305,0.2841625213623047
microkitchen1_5,25,1,0,25,38.10332489013672,13.103324890136719
microkitchen1_5,25,2,38,-13,-5.028690814971924,7.971309185028076
microkitchen1_5,25,3,33,-8,-2.693519115447998,5.306480884552002
microkitchen1_5,25,4,30,-5,1.030120849609375,6.030120849609375
microkitchen1_5,25,5,31,-6,-6.750531196594238,0.7505311965942383
microkitchen1_6,25,1,0,25,10.34798812866211,14.65201187133789
microkitchen1_6,25,2,10,15,10.950691223144531,4.049308776855469
microkitchen1_6,25,3,21,4,3.5014586448669434,0.49854135513305664
microkitchen1_7,20,1,0,20,8.533161163330078,11.466838836669922
microkitchen1_7,20,2,9,11,4.952814102172852,6.047185897827148
microkitchen1_7,20,3,14,6,-4.829531192779541,10.829530715942383
microkitchen1_7,20,4,9,11,0.5432266592979431,10.45677375793457
microkitchen1_7,20,5,10,10,1.947479009628296,8.052520751953125
microkitchen1_7,20,6,12,8,-1.4039899110794067,9.403989791870117
microkitchen1_7,20,7,11,9,1.8187114000320435,7.181288719177246
microkitchen1_8,29,1,0,29,45.3822135925293,16.382213592529297
microkitchen1_8,29,2,45,-16,-6.831952095031738,9.168047904968262
microkitchen1_8,29,3,38,-9,-0.9110303521156311,8.088969230651855
microkitchen1_8,29,4,37,-8,-1.568083643913269,6.431916236877441
microkitchen1_8,29,5,35,-6,-3.379178047180176,2.620821952819824
microkitchen1_9,19,1,0,19,11.427656173706055,7.572343826293945
microkitchen1_9,19,2,11,8,5.142276763916016,2.8577232360839844
pillowroom1_0,25,1,0,25,23.48172378540039,1.5182762145996094
pillowroom1_6,27,1,0,27,18.41456413269043,8.58543586730957
pillowroom1_6,27,2,18,9,10.97096061706543,1.9709606170654297
pillowroom1_7,36,1,6,30,30.797935485839844,0.7979354858398438
pillowroom1_8,34,1,4,30,26.779268264770508,3.220731735229492
pillowroom1_8,34,2,31,3,3.2281196117401123,0.2281196117401123
pillowroom1_9,21,1,0,21,5.911642551422119,15.088357925415039
pillowroom1_9,21,2,6,15,4.85450553894043,10.14549446105957
pillowroom1_9,21,3,11,10,8.518518447875977,1.4814815521240234
secondfloorgames_0,20,1,0,20,18.446035385131836,1.553964614868164
secondfloorgames_1,24,1,0,24,11.182368278503418,12.817631721496582
secondfloorgames_1,24,2,11,13,7.830662250518799,5.169337749481201
secondfloorgames_1,24,3,19,5,16.753381729125977,11.753381729125977
secondfloorgames_1,24,4,36,-12,-7.3981428146362305,4.6018571853637695
secondfloorgames_1,24,5,29,-5,13.604301452636719,18.60430145263672
secondfloorgames_1,24,6,43,-19,18.034971237182617,37.03497314453125
secondfloorgames_1,24,7,48,-24,20.90546989440918,44.90547180175781
secondfloorgames_2,30,1,0,30,11.222742080688477,18.777257919311523
secondfloorgames_2,30,2,11,19,12.133941650390625,6.866058349609375
secondfloorgames_2,30,3,23,7,6.984350204467773,0.015649795532226562
secondfloorgames_3,23,1,0,23,24.727867126464844,1.7278671264648438
secondfloorgames_4,22,1,0,22,12.476140022277832,9.523859977722168
secondfloorgames_4,22,2,12,10,5.435831069946289,4.564168930053711
secondfloorgames_4,22,3,17,5,1.7751954793930054,3.224804401397705
secondfloorgames_4,22,4,19,3,0.21406042575836182,2.7859396934509277
secondfloorgames_5,24,1,0,24,13.621891975402832,10.378108024597168
secondfloorgames_5,24,2,14,10,11.737234115600586,1.737234115600586
secondfloorgames_6,19,1,0,19,28.113197326660156,9.113197326660156
secondfloorgames_6,19,2,28,-9,6.430665969848633,15.430665969848633
secondfloorgames_6,19,3,34,-15,-2.8586056232452393,12.14139461517334
secondfloorgames_6,19,4,31,-12,13.82217025756836,25.82217025756836
secondfloorgames_6,19,5,45,-26,-14.603917121887207,11.396082878112793
secondfloorgames_6,19,6,30,-11,-7.31488561630249,3.6851143836975098
secondfloorgames_6,19,7,23,-4,12.447110176086426,16.44710922241211
secondfloorgames_7,20,1,0,20,28.042560577392578,8.042560577392578
secondfloorgames_7,20,2,28,-8,-11.070357322692871,3.070357322692871
secondfloorgames_7,20,3,17,3,3.486826181411743,0.48682618141174316
secondfloorgames_8,23,1,0,23,12.3114652633667,10.6885347366333
secondfloorgames_8,23,2,12,11,7.979247093200684,3.0207529067993164
secondfloorgames_8,23,3,20,3,7.145321369171143,4.145321369171143
secondfloorgames_8,23,4,27,-4,2.377476692199707,6.377476692199707
secondfloorgames_8,23,5,29,-6,-6.079099178314209,0.07909917831420898
apt1_0,25,1,0,25,34.441062927246094,9.441062927246094
apt1_0,25,2,34,-9,-15.020264625549316,6.020264625549316
apt1_0,25,3,19,6,-1.2278316020965576,7.227831840515137
apt1_0,25,4,18,7,3.7746362686157227,3.2253637313842773
apt1_0,25,5,22,3,-12.942699432373047,15.942699432373047
apt1_0,25,6,9,16,9.853706359863281,6.146293640136719
apt1_0,25,7,19,6,1.94450044631958,4.05549955368042
apt1_1,21,1,0,21,13.601845741271973,7.398154258728027
apt1_1,21,2,14,7,-0.6057751774787903,7.605775356292725
apt1_1,21,3,13,8,0.8828202486038208,7.117179870605469
apt1_1,21,4,14,7,5.098271369934082,1.901728630065918
apt1_2,24,1,0,24,18.07947540283203,5.920524597167969
apt1_2,24,2,18,6,-2.9496381282806396,8.949638366699219
apt1_2,24,3,15,9,-0.20586176216602325,9.205862045288086
apt1_2,24,4,15,9,1.9143508672714233,7.085649013519287
apt1_2,24,5,17,7,-1.4402297735214233,8.440229415893555
apt1_2,24,6,16,8,-1.2733067274093628,9.273306846618652
apt1_2,24,7,15,9,-1.7986528873443604,10.798652648925781
apt1_3,25,1,0,25,11.259729385375977,13.740270614624023
apt1_3,25,2,11,14,6.892566204071045,7.107433795928955
apt1_3,25,3,18,7,7.969981670379639,0.9699816703796387
apt1_4,23,1,0,23,4.10197639465332,18.89802360534668
apt1_4,23,2,4,19,3.937502384185791,15.062498092651367
apt1_4,23,3,8,15,3.665172576904297,11.334827423095703
apt1_4,23,4,12,11,1.6217328310012817,9.378267288208008
apt1_4,23,5,14,9,3.5934317111968994,5.40656852722168
apt1_4,23,6,18,5,4.611047744750977,0.38895225524902344
apt1_5,22,1,0,22,3.1292519569396973,18.87074851989746
apt1_5,22,2,3,19,1.6801931858062744,17.319807052612305
apt1_5,22,3,5,17,0.7096194624900818,16.290380477905273
apt1_5,22,4,6,16,5.010858058929443,10.989141464233398
apt1_5,22,5,11,11,0.8826583027839661,10.117341995239258
apt1_5,22,6,12,10,1.3812134265899658,8.618786811828613
apt1_5,22,7,13,9,1.2768306732177734,7.723169326782227
apt1_6,20,1,0,20,20.780569076538086,0.7805690765380859
apt1_7,20,1,0,20,9.64197826385498,10.35802173614502
apt1_7,20,2,10,10,4.882889747619629,5.117110252380371
apt1_7,20,3,15,5,-2.4579238891601562,7.457923889160156
apt1_7,20,4,13,7,2.63993763923645,4.360062599182129
apt1_7,20,5,16,4,-0.5749865770339966,4.574986457824707
apt1_7,20,6,15,5,2.4801201820373535,2.5198798179626465
apt1_8,31,1,1,30,30.956018447875977,0.9560184478759766
apt1_9,20,1,0,20,10.879925727844238,9.120074272155762
apt1_9,20,2,11,9,12.759076118469238,3.7590761184692383
apt1_9,20,3,24,-4,-11.026175498962402,7.026175498962402
apt1_9,20,4,13,7,9.746378898620605,2.7463788986206055
apt2_0,41,1,11,30,20.99932861328125,9.00067138671875
apt2_0,41,2,32,9,7.034051418304443,1.9659485816955566
apt2_1,20,1,0,20,13.724482536315918,6.275517463684082
apt2_1,20,2,14,6,6.160001277923584,0.16000127792358398
apt2_2,23,1,0,23,12.410606384277344,10.589393615722656
apt2_2,23,2,12,11,7.231478691101074,3.768521308898926
apt2_2,23,3,19,4,5.1861066818237305,1.1861066818237305
apt2_3,26,1,0,26,15.80341625213623,10.19658374786377
apt2_3,26,2,16,10,8.99134349822998,1.0086565017700195
apt2_4,23,1,0,23,17.286378860473633,5.713621139526367
apt2_4,23,2,17,6,0.25071752071380615,5.749282360076904
apt2_4,23,3,17,6,0.703609824180603,5.296390056610107
apt2_4,23,4,18,5,2.1333487033843994,2.8666512966156006
apt2_5,26,1,0,26,4.753769874572754,21.246231079101562
apt2_5,26,2,5,21,-6.731029987335205,27.731029510498047
apt2_5,26,3,0,26,16.867704391479492,9.132295608520508
apt2_5,26,4,17,9,3.5837719440460205,5.416228294372559
apt2_5,26,5,21,5,-1.7970267534255981,6.797026634216309
apt2_5,26,6,19,7,-0.6393144130706787,7.639314651489258
apt2_5,26,7,18,8,2.351647138595581,5.64835262298584
apt2_6,23,1,0,23,3.702615976333618,19.29738426208496
apt2_6,23,2,4,19,6.743748188018799,12.25625228881836
apt2_6,23,3,11,12,-1.3189079761505127,13.318907737731934
apt2_6,23,4,10,13,5.795498847961426,7.204501152038574
apt2_6,23,5,16,7,-0.8687698841094971,7.868769645690918
apt2_6,23,6,15,8,6.853147983551025,1.1468520164489746
apt2_7,31,1,1,30,24.151987075805664,5.848012924194336
apt2_7,31,2,25,6,5.301208019256592,0.6987919807434082
apt2_8,40,1,10,30,12.11559009552002,17.884410858154297
apt2_8,40,2,22,18,13.351828575134277,4.648171424865723
apt2_8,40,3,35,5,5.237250328063965,0.23725032806396484
apt2_9,24,1,0,24,16.940231323242188,7.0597686767578125
apt2_9,24,2,17,7,6.67305850982666,0.32694149017333984
books_0,27,1,0,27,18.97919273376465,8.020807266235352
books_0,27,2,19,8,15.820786476135254,7.820786476135254
books_0,27,3,35,-8,-12.384869575500488,4.384869575500488
books_0,27,4,23,4,7.95916223526001,3.9591622352600098
books_0,27,5,31,-4,-6.619932174682617,2.619932174682617
books_1,26,1,0,26,10.774188995361328,15.225811004638672
books_1,26,2,11,15,8.165383338928223,6.834616661071777
books_1,26,3,19,7,7.739897727966309,0.7398977279663086
books_2,22,1,0,22,8.630122184753418,13.369877815246582
books_2,22,2,9,13,7.3785881996154785,5.6214118003845215
books_2,22,3,16,6,6.888491630554199,0.8884916305541992
books_3,23,1,0,23,32.730838775634766,9.730838775634766
books_3,23,2,33,-10,-10.08995532989502,0.08995532989501953
books_4,24,1,0,24,16.365894317626953,7.634105682373047
books_4,24,2,16,8,9.139547348022461,1.139547348022461
books_5,22,1,0,22,11.71331787109375,10.28668212890625
books_5,22,2,12,10,10.59455680847168,0.5945568084716797
books_6,20,1,0,20,9.82206916809082,10.17793083190918
books_6,20,2,10,10,8.681283950805664,1.318716049194336
books_7,26,1,0,26,4.597344875335693,21.40265464782715
books_7,26,2,5,21,4.035051345825195,16.964948654174805
books_7,26,3,9,17,5.3226141929626465,11.677385330200195
books_7,26,4,14,12,2.6439051628112793,9.356094360351562
books_7,26,5,17,9,4.282052516937256,4.717947483062744
books_7,26,6,21,5,4.1202263832092285,0.8797736167907715
books_8,23,1,0,23,3.121082305908203,19.878917694091797
books_8,23,2,3,20,3.7926716804504395,16.20732879638672
books_8,23,3,7,16,6.878588676452637,9.121411323547363
books_8,23,4,14,9,5.353907108306885,3.6460928916931152
books_8,23,5,19,4,4.840267658233643,0.8402676582336426
books_9,27,1,0,27,20.404306411743164,6.595693588256836
books_9,27,2,20,7,14.950525283813477,7.950525283813477
books_9,27,3,35,-8,-1.135682463645935,6.864317417144775
books_9,27,4,34,-7,1.519970417022705,8.519969940185547
books_9,27,5,36,-9,-8.604848861694336,0.39515113830566406
bottles_0,22,1,0,22,12.926239013671875,9.073760986328125
bottles_0,22,2,13,9,4.8209943771362305,4.1790056228637695
bottles_0,22,3,18,4,-0.8641355037689209,4.8641357421875
bottles_0,22,4,17,5,3.4713921546936035,1.5286078453063965
bottles_1,23,1,0,23,6.47849178314209,16.521507263183594
bottles_1,23,2,6,17,6.086416244506836,10.913583755493164
bottles_1,23,3,12,11,3.404646635055542,7.595353126525879
bottles_1,23,4,15,8,-0.7422642707824707,8.742263793945312
bottles_1,23,5,14,9,0.08341124653816223,8.91658878326416
bottles_1,23,6,14,9,-3.079646587371826,12.079647064208984
bottles_1,23,7,11,12,3.015343189239502,8.984657287597656
bottles_2,22,1,0,22,41.4714469909668,19.471446990966797
bottles_2,22,2,41,-19,-23.014373779296875,4.014373779296875
bottles_2,22,3,18,4,3.901852607727051,0.09814739227294922
bottles_3,30,1,0,30,44.41632843017578,14.416328430175781
bottles_3,30,2,44,-14,4.129128932952881,18.12912940979004
bottles_3,30,3,48,-18,-9.46433162689209,8.53566837310791
bottles_3,30,4,39,-9,2.249938488006592,11.24993896484375
bottles_3,30,5,41,-11,-1.5970631837844849,9.402936935424805
bottles_3,30,6,39,-9,9.751777648925781,18.75177764892578
bottles_3,30,7,48,-18,-5.793735027313232,12.20626449584961
bottles_4,25,1,0,25,38.2771110534668,13.277111053466797
bottles_4,25,2,38,-13,-4.189151763916016,8.810848236083984
bottles_4,25,3,34,-9,-2.884953737258911,6.115046501159668
bottles_4,25,4,31,-6,-3.979356288909912,2.020643711090088
bottles_5,27,1,0,27,18.118057250976562,8.881942749023438
bottles_5,27,2,18,9,10.158712387084961,1.158712387084961
bottles_6,27,1,0,27,12.412177085876465,14.587822914123535
bottles_6,27,2,12,15,9.978071212768555,5.021928787231445
bottles_6,27,3,22,5,4.184846878051758,0.8151531219482422
bottles_7,27,1,0,27,21.097082138061523,5.902917861938477
bottles_7,27,2,21,6,6.3070807456970215,0.3070807456970215
bottles_8,25,1,0,25,16.42157745361328,8.578422546386719
bottles_8,25,2,16,9,9.251569747924805,0.2515697479248047
campusoutdoors1_0,20,1,0,20,10.110946655273438,9.889053344726562
campusoutdoors1_0,20,2,10,10,5.539210796356201,4.460789203643799
campusoutdoors1_0,20,3,16,4,0.3042065501213074,3.695793390274048
campusoutdoors1_0,20,4,16,4,-6.8959856033325195,10.89598560333252
campusoutdoors1_0,20,5,9,11,4.848555088043213,6.151444911956787
campusoutdoors1_0,20,6,14,6,-4.727868556976318,10.727869033813477
campusoutdoors1_0,20,7,9,11,6.601238250732422,4.398761749267578
campusoutdoors1_1,20,1,0,20,31.19877052307129,11.198770523071289
campusoutdoors1_1,20,2,31,-11,1.5438809394836426,12.543880462646484
campusoutdoors1_1,20,3,33,-13,-8.055121421813965,4.944878578186035
campusoutdoors1_1,20,4,25,-5,-8.672439575195312,3.6724395751953125
campusoutdoors1_1,20,5,16,4,10.49135684967041,6.49135684967041
campusoutdoors1_1,20,6,26,-6,2.669764757156372,8.669764518737793
campusoutdoors1_1,20,7,29,-9,-12.045392990112305,3.0453929901123047
campusoutdoors1_2,22,1,0,22,24.53388786315918,2.5338878631591797
campusoutdoors1_3,20,1,0,20,5.783616065979004,14.216383934020996
campusoutdoors1_3,20,2,6,14,4.574492931365967,9.425506591796875
campusoutdoors1_3,20,3,11,9,-3.0866141319274902,12.086614608764648
campusoutdoors1_3,20,4,8,12,2.2135608196258545,9.786438941955566
campusoutdoors1_3,20,5,10,10,-3.014296531677246,13.014296531677246
campusoutdoors1_3,20,6,7,13,1.249893307685852,11.750106811523438
campusoutdoors1_3,20,7,8,12,-0.6558268070220947,12.655826568603516
campusoutdoors1_4,22,1,0,22,11.371190071105957,10.628809928894043
campusoutdoors1_4,22,2,11,11,3.3279972076416016,7.672002792358398
campusoutdoors1_4,22,3,14,8,3.1717681884765625,4.8282318115234375
campusoutdoors1_4,22,4,17,5,-1.3287849426269531,6.328784942626953
campusoutdoors1_4,22,5,16,6,-0.6895174980163574,6.689517498016357
campusoutdoors1_4,22,6,15,7,2.247150421142578,4.752849578857422
campusoutdoors1_4,22,7,17,5,-1.1641896963119507,6.16418981552124
campusoutdoors1_5,22,1,0,22,10.556371688842773,11.443628311157227
campusoutdoors1_5,22,2,11,11,7.877935409545898,3.1220645904541016
campusoutdoors1_5,22,3,19,3,-6.5962958335876465,9.596296310424805
campusoutdoors1_5,22,4,12,10,7.409961700439453,2.590038299560547
campusoutdoors1_6,27,1,0,27,31.774381637573242,4.774381637573242
campusoutdoors1_6,27,2,32,-5,-0.6953694224357605,4.304630756378174
campusoutdoors1_6,27,3,31,-4,4.246789455413818,8.246789932250977
campusoutdoors1_6,27,4,35,-8,-4.493061542510986,3.5069384574890137
campusoutdoors1_6,27,5,31,-4,3.4188196659088135,7.418819427490234
campusoutdoors1_6,27,6,34,-7,1.0246518850326538,8.024651527404785
campusoutdoors1_6,27,7,35,-8,-0.9364188313484192,7.0635809898376465
campusoutdoors1_8,19,1,0,19,11.298628807067871,7.701371192932129
campusoutdoors1_8,19,2,11,8,-1.4937950372695923,9.493795394897461
campusoutdoors1_8,19,3,10,9,3.289846181869507,5.710153579711914
campusoutdoors1_8,19,4,13,6,-1.8289215564727783,7.828921318054199
campusoutdoors1_8,19,5,11,8,-0.24011939764022827,8.240118980407715
campusoutdoors1_8,19,6,11,8,2.890594720840454,5.109405517578125
campusoutdoors1_8,19,7,14,5,1.1707062721252441,3.829293727874756
campusoutdoors1_9,19,1,0,19,14.24426555633545,4.755734443664551
campusoutdoors1_9,19,2,14,5,19.207273483276367,14.207273483276367
campusoutdoors1_9,19,3,33,-14,24.35883140563965,38.35883331298828
campusoutdoors1_9,19,4,48,-29,8.031866073608398,37.03186798095703
campusoutdoors1_9,19,5,48,-29,11.224952697753906,40.224952697753906
campusoutdoors1_9,19,6,48,-29,16.46598243713379,45.465980529785156
campusoutdoors1_9,19,7,48,-29,2.126401901245117,31.126401901245117
campusoutdoors2_0,20,1,0,20,3.755772590637207,16.24422836303711
campusoutdoors2_0,20,2,4,16,2.990337371826172,13.009662628173828
campusoutdoors2_0,20,3,7,13,3.984966278076172,9.015033721923828
campusoutdoors2_0,20,4,11,9,-1.3294904232025146,10.329490661621094
campusoutdoors2_0,20,5,10,10,-0.42045003175735474,10.420450210571289
campusoutdoors2_0,20,6,10,10,1.193017601966858,8.806982040405273
campusoutdoors2_0,20,7,11,9,-2.3847339153289795,11.384734153747559
campusoutdoors2_1,42,1,12,30,39.97600555419922,9.976005554199219
campusoutdoors2_1,42,2,48,-6,-0.33607620000839233,5.663923740386963
campusoutdoors2_1,42,3,48,-6,-0.2538164556026459,5.746183395385742
campusoutdoors2_1,42,4,48,-6,-7.020827770233154,1.0208277702331543
campusoutdoors2_3,31,1,1,30,12.440102577209473,17.559898376464844
campusoutdoors2_3,31,2,13,18,4.205464839935303,13.794534683227539
campusoutdoors2_3,31,3,17,14,8.470423698425293,5.529576301574707
campusoutdoors2_3,31,4,25,6,-1.4814237356185913,7.481423854827881
campusoutdoors2_3,31,5,24,7,2.5522212982177734,4.447778701782227
campusoutdoors2_3,31,6,27,4,0.07085218280553818,3.929147720336914
campusoutdoors2_3,31,7,27,4,3.3885574340820312,0.6114425659179688
campusoutdoors2_4,29,1,0,29,23.387245178222656,5.612754821777344
campusoutdoors2_4,29,2,23,6,6.165924549102783,0.1659245491027832
campusoutdoors2_5,32,1,2,30,26.12965965270996,3.870340347290039
campusoutdoors2_5,32,2,28,4,0.03796682134270668,3.962033271789551
campusoutdoors2_5,32,3,28,4,-3.7682266235351562,7.768226623535156
campusoutdoors2_5,32,4,24,8,5.869627475738525,2.1303725242614746
campusoutdoors2_6,22,1,0,22,15.57117748260498,6.4288225173950195
campusoutdoors2_6,22,2,16,6,13.44717025756836,7.447170257568359
campusoutdoors2_6,22,3,29,-7,-12.313669204711914,5.313669204711914
campusoutdoors2_6,22,4,17,5,-6.356683254241943,11.356683731079102
campusoutdoors2_6,22,5,11,11,11.935227394104004,0.9352273941040039
campusoutdoors2_7,23,1,0,23,10.478432655334473,12.521567344665527
campusoutdoors2_7,23,2,10,13,16.107332229614258,3.107332229614258
campusoutdoors2_7,23,3,26,-3,2.553328514099121,5.553328514099121
campusoutdoors2_7,23,4,29,-6,10.264949798583984,16.264949798583984
campusoutdoors2_7,23,5,39,-16,7.342226505279541,23.342226028442383
campusoutdoors2_7,23,6,46,-23,-11.969144821166992,11.030855178833008
campusoutdoors2_7,23,7,34,-11,4.572537899017334,15.572538375854492
campusoutdoors2_8,23,1,0,23,11.705554962158203,11.294445037841797
campusoutdoors2_8,23,2,12,11,12.191268920898438,1.1912689208984375
campusoutdoors2_9,25,1,0,25,20.75837516784668,4.24162483215332
campusoutdoors2_9,25,2,21,4,-1.6423912048339844,5.642391204833984
campusoutdoors2_9,25,3,19,6,10.43017578125,4.43017578125
campusoutdoors2_9,25,4,29,-4,-4.133552551269531,0.13355255126953125
fakeplants_0,24,1,0,24,15.77230453491211,8.22769546508789
fakeplants_0,24,2,16,8,4.880485534667969,3.1195144653320312
fakeplants_0,24,3,21,3,5.050839900970459,2.050839900970459
fakeplants_1,21,1,0,21,13.04638671875,7.95361328125
fakeplants_1,21,2,13,8,4.157144546508789,3.842855453491211
fakeplants_1,21,3,17,4,-3.057429075241089,7.057429313659668
fakeplants_1,21,4,14,7,5.7473297119140625,1.2526702880859375
fakeplants_2,21,1,0,21,14.746552467346191,6.253447532653809
fakeplants_2,21,2,15,6,1.8444122076034546,4.155587673187256
fakeplants_2,21,3,17,4,2.4801199436187744,1.5198800563812256
fakeplants_3,22,1,0,22,8.602310180664062,13.397689819335938
fakeplants_3,22,2,9,13,5.049391269683838,7.950608730316162
fakeplants_3,22,3,14,8,5.262557506561279,2.7374424934387207
fakeplants_4,24,1,0,24,30.708480834960938,6.7084808349609375
fakeplants_4,24,2,31,-7,-5.8535308837890625,1.1464691162109375
fakeplants_5,21,1,0,21,44.7027702331543,23.702770233154297
fakeplants_5,21,2,45,-24,-3.2035446166992188,20.79645538330078
fakeplants_5,21,3,42,-21,0.2370728850364685,21.237071990966797
fakeplants_5,21,4,42,-21,1.9266432523727417,22.92664337158203
fakeplants_5,21,5,44,-23,5.431204319000244,28.431203842163086
fakeplants_5,21,6,48,-27,-5.909947872161865,21.090051651000977
fakeplants_5,21,7,42,-21,2.0487639904022217,23.048763275146484
fakeplants_6,21,1,0,21,20.902149200439453,0.09785079956054688
fakeplants_7,23,1,0,23,15.843510627746582,7.156489372253418
fakeplants_7,23,2,16,7,7.785735130310059,0.7857351303100586
fakeplants_8,21,1,0,21,16.67576026916504,4.324239730834961
fakeplants_8,21,2,17,4,0.009763987734913826,3.9902360439300537
fakeplants_8,21,3,17,4,0.06379659473896027,3.9362034797668457
fakeplants_8,21,4,17,4,-2.8028464317321777,6.802846431732178
fakeplants_8,21,5,14,7,4.5570068359375,2.4429931640625
fakeplants_9,21,1,0,21,21.384126663208008,0.3841266632080078
garage2_0,22,1,0,22,19.75020408630371,2.249795913696289
garage2_1,24,1,0,24,20.180999755859375,3.819000244140625
garage2_1,24,2,20,4,0.869928240776062,3.1300716400146484
garage2_1,24,3,21,3,3.437769889831543,0.43776988983154297
garage2_2,31,1,1,30,28.08390235900879,1.916097640991211
garage2_4,24,1,0,24,27.72882080078125,3.72882080078125
garage2_4,24,2,28,-4,1.2591737508773804,5.25917387008667
garage2_4,24,3,29,-5,-4.031303882598877,0.968696117401123
garage2_6,26,1,0,26,21.943357467651367,4.056642532348633
garage2_6,26,2,22,4,5.893549919128418,1.893549919128418
garage2_7,24,1,0,24,10.748382568359375,13.251617431640625
garage2_7,24,2,11,13,10.865264892578125,2.134735107421875
garage2_8,21,1,0,21,11.501638412475586,9.498361587524414
garage2_8,21,2,12,9,4.4327311515808105,4.5672688484191895
garage2_8,21,3,16,5,0.42213788628578186,4.57786226272583
garage2_8,21,4,16,5,-2.9105372428894043,7.910537242889404
garage2_8,21,5,13,8,4.178744316101074,3.821255683898926
garage2_8,21,6,17,4,-1.5658090114593506,5.56580924987793
garage2_8,21,7,15,6,0.5264415144920349,5.47355842590332
garage2_9,23,1,0,23,7.6347222328186035,15.365278244018555
garage2_9,23,2,8,15,2.8504912853240967,12.149508476257324
garage2_9,23,3,11,12,-4.785700798034668,16.785701751708984
garage2_9,23,4,6,17,0.7281410098075867,16.27185821533203
garage2_9,23,5,7,16,0.7631238102912903,15.236876487731934
garage2_9,23,6,8,15,3.3540306091308594,11.64596939086914
garage2_9,23,7,11,12,-0.14193855226039886,12.141938209533691
garage_0,25,1,0,25,16.718881607055664,8.281118392944336
garage_0,25,2,17,8,10.014554023742676,2.014554023742676
garage_1,27,1,0,27,2.641413688659668,24.358585357666016
garage_1,27,2,3,24,4.9557576179504395,19.04424285888672
garage_1,27,3,8,19,-1.4220503568649292,20.42205047607422
garage_1,27,4,7,20,4.865890979766846,15.134109497070312
garage_1,27,5,12,15,2.4073426723480225,12.592657089233398
garage_1,27,6,14,13,3.781454086303711,9.218545913696289
garage_1,27,7,18,9,5.293328285217285,3.706671714782715
garage_3,22,1,0,22,11.18757438659668,10.81242561340332
garage_3,22,2,11,11,6.397482395172119,4.602517604827881
garage_3,22,3,17,5,1.8335821628570557,3.1664178371429443
garage_3,22,4,19,3,0.007489873096346855,2.9925100803375244
garage_4,44,1,14,30,14.014581680297852,15.985418319702148
garage_4,44,2,28,16,6.685883522033691,9.314116477966309
garage_4,44,3,35,9,4.810280799865723,4.189719200134277
garage_4,44,4,40,4,-0.938927948474884,4.938928127288818
garage_4,44,5,39,5,0.3447914719581604,4.655208587646484
garage_4,44,6,39,5,3.6114094257354736,1.3885905742645264
garage_6,27,1,0,27,8.558917045593262,18.441082000732422
garage_6,27,2,9,18,15.992831230163574,2.007168769836426
garage_7,22,1,0,22,16.80414581298828,5.195854187011719
garage_7,22,2,17,5,5.6703314781188965,0.6703314781188965
garage_8,44,1,14,30,38.604820251464844,8.604820251464844
garage_8,44,2,48,-4,-5.6242756843566895,1.6242756843566895
garage_9,20,1,0,20,15.981200218200684,4.018799781799316
garage_9,20,2,16,4,6.109832286834717,2.109832286834717
hallway1_0,32,1,2,30,26.471296310424805,3.5287036895751953
hallway1_0,32,2,28,4,1.1688519716262817,2.831148147583008
hallway1_2,33,1,3,30,17.56622886657715,12.433771133422852
hallway1_2,33,2,21,12,19.251340866088867,7.251340866088867
hallway1_2,33,3,40,-7,-3.4802207946777344,3.5197792053222656
hallway1_2,33,4,37,-4,11.057480812072754,15.057480812072754
hallway1_2,33,5,48,-15,-10.451133728027344,4.548866271972656
hallway1_2,33,6,38,-5,-9.191316604614258,4.191316604614258
hallway1_2,33,7,29,4,1.4231610298156738,2.576838970184326
hallway1_3,26,1,0,26,11.22602367401123,14.77397632598877
hallway1_3,26,2,11,15,5.666738986968994,9.333261489868164
hallway1_3,26,3,17,9,3.376779079437256,5.623220920562744
hallway1_3,26,4,20,6,2.5937089920043945,3.4062910079956055
hallway1_3,26,5,23,3,2.407428741455078,0.5925712585449219
hallway1_4,23,1,0,23,10.650351524353027,12.349648475646973
hallway1_4,23,2,11,12,5.537231922149658,6.462768077850342
hallway1_4,23,3,17,6,4.731132507324219,1.2688674926757812
hallway1_5,22,1,0,22,16.003938674926758,5.996061325073242
hallway1_5,22,2,16,6,1.743446946144104,4.2565531730651855
hallway1_5,22,3,18,4,1.055228590965271,2.9447712898254395
hallway1_6,22,1,0,22,11.18963623046875,10.81036376953125
hallway1_6,22,2,11,11,11.997713088989258,0.9977130889892578
hallway1_7,37,1,7,30,23.59942054748535,6.400579452514648
hallway1_7,37,2,31,6,3.0353305339813232,2.9646694660186768
hallway2_0,29,1,0,29,30.822467803955078,1.8224678039550781
hallway2_1,34,1,4,30,5.852816104888916,24.147184371948242
hallway2_1,34,2,10,24,5.2549543380737305,18.745044708251953
hallway2_1,34,3,15,19,4.596314430236816,14.403685569763184
hallway2_1,34,4,20,14,0.2518763542175293,13.748123168945312
hallway2_1,34,5,20,14,2.795173168182373,11.204826354980469
hallway2_1,34,6,23,11,1.763770341873169,9.23622989654541
hallway2_1,34,7,25,9,1.8345005512237549,7.165499687194824
hallway2_2,25,1,0,25,21.767597198486328,3.232402801513672
hallway2_2,25,2,22,3,7.414279460906982,4.414279460906982
hallway2_2,25,3,29,-4,-4.02498722076416,0.024987220764160156
meetingroom1_7,19,1,0,19,17.802265167236328,1.1977348327636719
meetingroom1_8,21,1,0,21,12.171360969543457,8.828639030456543
meetingroom1_8,21,2,12,9,4.427227973937988,4.572772026062012
meetingroom1_8,21,3,16,5,-3.1159987449645996,8.115999221801758
meetingroom1_8,21,4,13,8,2.1721596717834473,5.827840328216553
meetingroom1_8,21,5,15,6,10.462671279907227,4.462671279907227
meetingroom1_8,21,6,25,-4,7.3099565505981445,11.309956550598145
meetingroom1_8,21,7,32,-11,2.152881383895874,13.152881622314453
meetingroom1_9,23,1,0,23,48.50776290893555,25.507762908935547
meetingroom1_9,23,2,48,-25,-19.877138137817383,5.122861862182617
meetingroom1_9,23,3,28,-5,5.327409744262695,10.327409744262695
meetingroom1_9,23,4,33,-10,-18.48389434814453,8.483894348144531
meetingroom1_9,23,5,15,8,4.790905475616455,3.209094524383545
meetingroom1_9,23,6,20,3,4.77817440032959,1.7781744003295898
meetingroom2_0,27,1,0,27,4.51235818862915,22.487642288208008
meetingroom2_0,27,2,5,22,3.36489200592041,18.635108947753906
meetingroom2_0,27,3,8,19,3.445012092590332,15.554987907409668
meetingroom2_0,27,4,11,16,0.7435787320137024,15.256421089172363
meetingroom2_0,27,5,12,15,5.556948184967041,9.443052291870117
meetingroom2_0,27,6,18,9,5.688259601593018,3.3117403984069824
meetingroom2_0,27,7,24,3,-0.5355422496795654,3.5355422496795654
meetingroom2_1,23,1,0,23,11.692163467407227,11.307836532592773
meetingroom2_1,23,2,12,11,15.330950736999512,4.330950736999512
meetingroom2_1,23,3,27,-4,-4.478039264678955,0.4780392646789551
meetingroom2_2,24,1,0,24,2.756957769393921,21.2430419921875
meetingroom2_2,24,2,3,21,9.26537036895752,11.73462963104248
meetingroom2_2,24,3,12,12,2.00189471244812,9.9981050491333
meetingroom2_2,24,4,14,10,7.509583950042725,2.4904160499572754
meetingroom2_3,29,1,0,29,9.502239227294922,19.497760772705078
meetingroom2_3,29,2,10,19,7.778438568115234,11.221561431884766
meetingroom2_3,29,3,18,11,2.8198297023773193,8.180170059204102
meetingroom2_3,29,4,21,8,-0.13900557160377502,8.139005661010742
meetingroom2_3,29,5,21,8,3.1416261196136475,4.858373641967773
meetingroom2_3,29,6,24,5,2.4736998081207275,2.5263001918792725
meetingroom2_4,22,1,0,22,3.8277320861816406,18.17226791381836
meetingroom2_4,22,2,4,18,7.264618873596191,10.735381126403809
meetingroom2_4,22,3,11,11,-2.7679591178894043,13.767959594726562
meetingroom2_4,22,4,8,14,4.177427768707275,9.822572708129883
meetingroom2_4,22,5,12,10,6.8202924728393555,3.1797075271606445
meetingroom2_4,22,6,19,3,8.405935287475586,5.405935287475586
meetingroom2_4,22,7,27,-5,2.4296927452087402,7.42969274520874
meetingroom2_5,24,1,0,24,8.592073440551758,15.407926559448242
meetingroom2_5,24,2,9,15,1.6093543767929077,13.390645980834961
meetingroom2_5,24,3,11,13,5.624235153198242,7.375764846801758
meetingroom2_5,24,4,17,7,6.015485763549805,0.9845142364501953
meetingroom2_6,26,1,0,26,21.565549850463867,4.434450149536133
meetingroom2_6,26,2,22,4,6.184274196624756,2.184274196624756
meetingroom2_7,28,1,0,28,32.23527908325195,4.235279083251953
meetingroom2_7,28,2,32,-4,-2.9213013648986816,1.0786986351013184
meetingroom2_8,28,1,0,28,24.94856834411621,3.051431655883789
meetingroom2_8,28,2,25,3,7.467288494110107,4.467288494110107
meetingroom2_8,28,3,32,-4,-3.9066381454467773,0.09336185455322266
meetingroom2_9,31,1,1,30,23.57036590576172,6.429634094238281
meetingroom2_9,31,2,25,6,16.539011001586914,10.539011001586914
meetingroom2_9,31,3,42,-11,-3.3526291847229004,7.6473708152771
meetingroom2_9,31,4,39,-8,7.790550708770752,15.790550231933594
meetingroom2_9,31,5,47,-16,-3.9307239055633545,12.069275856018066
meetingroom2_9,31,6,43,-12,4.0361409187316895,16.03614044189453
meetingroom2_9,31,7,47,-16,-4.2229790687561035,11.777021408081055
officecrawl1_0,26,1,0,26,-2.5097270011901855,28.509727478027344
officecrawl1_0,26,2,0,26,4.367042541503906,21.632957458496094
officecrawl1_0,26,3,4,22,2.414048910140991,19.58595085144043
officecrawl1_0,26,4,6,20,6.42998743057251,13.570013046264648
officecrawl1_0,26,5,12,14,20.969966888427734,6.969966888427734
officecrawl1_0,26,6,33,-7,4.635268211364746,11.635268211364746
officecrawl1_0,26,7,38,-12,-7.0429205894470215,4.9570794105529785
officecrawl1_1,36,1,6,30,11.148387908935547,18.851612091064453
officecrawl1_1,36,2,17,19,4.165307521820068,14.834692001342773
officecrawl1_1,36,3,21,15,10.934720039367676,4.065279960632324
officecrawl1_1,36,4,32,4,4.943726539611816,0.9437265396118164
officecrawl1_2,26,1,0,26,8.233688354492188,17.766311645507812
officecrawl1_2,26,2,8,18,5.64333438873291,12.35666561126709
officecrawl1_2,26,3,14,12,0.8350197672843933,11.164979934692383
officecrawl1_2,26,4,15,11,6.53923225402832,4.46076774597168
officecrawl1_2,26,5,22,4,1.1224478483200073,2.877552032470703
officecrawl1_3,21,1,0,21,-0.9797881245613098,21.979787826538086
officecrawl1_3,21,2,0,21,-8.341861724853516,29.341861724853516
officecrawl1_3,21,3,0,21,4.225178241729736,16.774822235107422
officecrawl1_3,21,4,4,17,6.813483238220215,10.186516761779785
officecrawl1_3,21,5,11,10,7.449761867523193,2.5502381324768066
officecrawl1_4,31,1,1,30,32.16131591796875,2.16131591796875
officecrawl1_5,23,1,0,23,-1.9739607572555542,24.973960876464844
officecrawl1_5,23,2,0,23,-6.3965606689453125,29.396560668945312
officecrawl1_5,23,3,0,23,-1.4922432899475098,24.49224281311035
officecrawl1_5,23,4,0,23,-0.5033261179924011,23.503326416015625
officecrawl1_5,23,5,0,23,-2.033693552017212,25.033693313598633
officecrawl1_5,23,6,0,23,-3.179724931716919,26.179725646972656
officecrawl1_5,23,7,0,23,-2.784417152404785,25.78441619873047
officecrawl1_6,27,1,0,27,20.04463005065918,6.95536994934082
officecrawl1_6,27,2,20,7,7.513274669647217,0.5132746696472168
officecrawl1_7,20,1,0,20,33.74303436279297,13.743034362792969
officecrawl1_7,20,2,34,-14,0.11392785608768463,14.113927841186523
officecrawl1_7,20,3,34,-14,1.1972274780273438,15.197227478027344
officecrawl1_7,20,4,35,-15,2.6414690017700195,17.641468048095703
officecrawl1_7,20,5,38,-18,-2.9530766010284424,15.046923637390137
officecrawl1_7,20,6,35,-15,3.2986984252929688,18.29869842529297
officecrawl1_7,20,7,38,-18,-2.3471455574035645,15.652854919433594
officecrawl1_8,32,1,2,30,22.739273071289062,7.2607269287109375
officecrawl1_8,32,2,25,7,9.949718475341797,2.949718475341797
officecrawl1_9,33,1,3,30,30.54062843322754,0.5406284332275391
officecrawl2_0,31,1,1,30,2.354889154434204,27.645111083984375
officecrawl2_0,31,2,3,28,1.053432583808899,26.94656753540039
officecrawl2_0,31,3,4,27,1.5387513637542725,25.46124839782715
officecrawl2_0,31,4,6,25,2.2885539531707764,22.71144676208496
officecrawl2_0,31,5,8,23,1.5585825443267822,21.441417694091797
officecrawl2_0,31,6,10,21,3.1454224586486816,17.854578018188477
officecrawl2_0,31,7,13,18,6.328853130340576,11.671146392822266
officecrawl2_1,24,1,0,24,17.586950302124023,6.413049697875977
officecrawl2_1,24,2,18,6,8.866125106811523,2.8661251068115234
officecrawl2_2,48,1,18,30,5.110599040985107,24.889400482177734
officecrawl2_2,48,2,23,25,5.096874237060547,19.903125762939453
officecrawl2_2,48,3,28,20,8.27804183959961,11.72195816040039
officecrawl2_2,48,4,36,12,0.9670192003250122,11.032980918884277
officecrawl2_2,48,5,37,11,5.193521976470947,5.806478023529053
officecrawl2_2,48,6,42,6,1.2557384967803955,4.744261741638184
officecrawl2_2,48,7,43,5,4.937961101531982,0.06203889846801758
officecrawl2_3,42,1,12,30,32.49642562866211,2.4964256286621094
officecrawl2_4,24,1,0,24,7.053374767303467,16.946624755859375
officecrawl2_4,24,2,7,17,7.441838264465332,9.558161735534668
officecrawl2_4,24,3,14,10,4.998202323913574,5.001797676086426
officecrawl2_4,24,4,19,5,1.642530918121338,3.357469081878662
officecrawl2_4,24,5,21,3,2.3638761043548584,0.6361238956451416
officecrawl2_6,28,1,0,28,5.1863908767700195,22.813610076904297
officecrawl2_6,28,2,5,23,7.782275676727295,15.217723846435547
officecrawl2_6,28,3,13,15,6.268481731414795,8.731517791748047
officecrawl2_6,28,4,19,9,2.892246961593628,6.107752799987793
officecrawl2_6,28,5,22,6,3.910489320755005,2.089510679244995
officecrawl2_7,33,1,3,30,18.50473976135254,11.495260238647461
officecrawl2_7,33,2,22,11,10.72083854675293,0.2791614532470703
officecrawl2_8,22,1,0,22,15.611876487731934,6.388123512268066
officecrawl2_8,22,2,16,6,5.001428127288818,0.9985718727111816
officecrawl2_9,27,1,0,27,2.5336666107177734,24.466333389282227
officecrawl2_9,27,2,3,24,6.056995391845703,17.943004608154297
officecrawl2_9,27,3,9,18,2.853424310684204,15.146575927734375
officecrawl2_9,27,4,12,15,5.25570011138916,9.74429988861084
officecrawl2_9,27,5,17,10,8.497749328613281,1.5022506713867188
officecrawl3_1,26,1,0,26,23.96183967590332,2.0381603240966797
officecrawl3_2,24,1,0,24,19.980653762817383,4.019346237182617
officecrawl3_2,24,2,20,4,0.519848644733429,3.480151414871216
officecrawl3_2,24,3,21,3,5.1800127029418945,2.1800127029418945
officecrawl3_3,32,1,2,30,20.960702896118164,9.039297103881836
officecrawl3_3,32,2,23,9,5.274301528930664,3.725698471069336
officecrawl3_3,32,3,28,4,2.1431448459625244,1.8568551540374756
officecrawl3_4,20,1,0,20,26.558448791503906,6.558448791503906
officecrawl3_4,20,2,27,-7,-3.540311813354492,3.459688186645508
officecrawl3_4,20,3,23,-3,-6.359992980957031,3.3599929809570312
officecrawl3_4,20,4,17,3,-3.2282867431640625,6.2282867431640625
officecrawl3_4,20,5,14,6,1.46488618850708,4.53511381149292
officecrawl3_4,20,6,15,5,1.608713150024414,3.391286849975586
officecrawl3_4,20,7,17,3,2.8237476348876953,0.1762523651123047
officecrawl3_5,27,1,0,27,5.9512481689453125,21.048751831054688
officecrawl3_5,27,2,6,21,4.593328952789307,16.40667152404785
officecrawl3_5,27,3,11,16,-0.4316399097442627,16.431640625
officecrawl3_5,27,4,11,16,7.376407623291016,8.623592376708984
officecrawl3_5,27,5,18,9,8.41323471069336,0.5867652893066406
officecrawl3_6,26,1,0,26,55.10041046142578,29.10041046142578
officecrawl3_6,26,2,48,-22,-3.0492167472839355,18.950782775878906
officecrawl3_6,26,3,45,-19,-3.6372413635253906,15.36275863647461
officecrawl3_6,26,4,41,-15,-12.261343002319336,2.738656997680664
officecrawl3_7,28,1,0,28,9.227505683898926,18.77249526977539
officecrawl3_7,28,2,9,19,4.626398086547852,14.373601913452148
officecrawl3_7,28,3,14,14,7.9427947998046875,6.0572052001953125
officecrawl3_7,28,4,22,6,-0.4575870931148529,6.457587242126465
officecrawl3_7,28,5,22,6,5.523655414581299,0.47634458541870117
officecrawl3_8,19,1,0,19,18.0283145904541,0.9716854095458984
officecrawl3_9,25,1,0,25,9.94919490814209,15.05080509185791
officecrawl3_9,25,2,10,15,-3.7808024883270264,18.78080177307129
officecrawl3_9,25,3,6,19,5.996891021728516,13.003108978271484
officecrawl3_9,25,4,12,13,5.653275012969971,7.346724987030029
officecrawl3_9,25,5,18,7,-5.25909948348999,12.259099960327148
officecrawl3_9,25,6,13,12,7.095787048339844,4.904212951660156
officecrawl3_9,25,7,20,5,3.283154249191284,1.7168457508087158
officeroom1_0,27,1,0,27,22.724611282348633,4.275388717651367
officeroom1_0,27,2,23,4,7.760345935821533,3.760345935821533
officeroom1_0,27,3,31,-4,-6.52753210067749,2.5275321006774902
officeroom1_1,28,1,0,28,13.493209838867188,14.506790161132812
officeroom1_1,28,2,13,15,8.326292991638184,6.673707008361816
officeroom1_1,28,3,21,7,4.228343486785889,2.7716565132141113
officeroom1_2,29,1,0,29,21.551822662353516,7.448177337646484
officeroom1_2,29,2,22,7,8.21395492553711,1.2139549255371094
officeroom1_3,29,1,0,29,36.7795524597168,7.779552459716797
officeroom1_3,29,2,37,-8,-2.668220281600952,5.331779479980469
officeroom1_3,29,3,34,-5,-3.7723348140716553,1.2276651859283447
officeroom1_4,21,1,0,21,15.814804077148438,5.1851959228515625
officeroom1_4,21,2,16,5,-2.1480307579040527,7.148030757904053
officeroom1_4,21,3,14,7,5.096532821655273,1.9034671783447266
officeroom1_5,22,1,0,22,6.392396450042725,15.607603073120117
officeroom1_5,22,2,6,16,6.4703688621521,9.529630661010742
officeroom1_5,22,3,12,10,4.710330009460449,5.289669990539551
officeroom1_5,22,4,17,5,0.2598341703414917,4.740165710449219
officeroom1_5,22,5,17,5,3.4096319675445557,1.5903680324554443
officeroom1_6,22,1,0,22,11.701092720031738,10.298907279968262
officeroom1_6,22,2,12,10,2.221621513366699,7.778378486633301
officeroom1_6,22,3,14,8,3.1794023513793945,4.8205976486206055
officeroom1_6,22,4,17,5,1.2610986232757568,3.738901376724243
officeroom1_6,22,5,18,4,-2.1706793308258057,6.170679092407227
officeroom1_6,22,6,16,6,-4.276042461395264,10.276042938232422
officeroom1_6,22,7,12,10,5.140536785125732,4.859463214874268
officeroom1_7,22,1,0,22,13.67446517944336,8.32553482055664
officeroom1_7,22,2,14,8,23.02438735961914,15.02438735961914
officeroom1_7,22,3,37,-15,-14.116239547729492,0.8837604522705078
officeroom1_8,22,1,0,22,18.56024742126465,3.4397525787353516
officeroom1_8,22,2,19,3,1.5465965270996094,1.4534034729003906
officeroom1_9,27,1,0,27,28.34963035583496,1.349630355834961
officetrashshadows_1,34,1,4,30,1.6800973415374756,28.319902420043945
officetrashshadows_1,34,2,6,28,-1.8030723333358765,29.803071975708008
officetrashshadows_1,34,3,4,30,-3.4147567749023438,33.414756774902344
officetrashshadows_1,34,4,1,33,3.2803168296813965,29.719682693481445
officetrashshadows_1,34,5,4,30,3.492058277130127,26.50794219970703
officetrashshadows_1,34,6,7,27,0.8400141596794128,26.15998649597168
officetrashshadows_1,34,7,8,26,-3.196282386779785,29.19628143310547
officetrashshadows_2,23,1,0,23,8.236893653869629,14.763106346130371
officetrashshadows_2,23,2,8,15,8.081972122192383,6.918027877807617
officetrashshadows_2,23,3,16,7,-0.1637820154428482,7.163782119750977
officetrashshadows_2,23,4,16,7,2.6661696434020996,4.3338303565979
officetrashshadows_2,23,5,19,4,3.2818093299865723,0.7181906700134277
officetrashshadows_3,27,1,0,27,21.828466415405273,5.171533584594727
officetrashshadows_3,27,2,22,5,3.1401286125183105,1.8598713874816895
officetrashshadows_4,36,1,6,30,33.3267936706543,3.326793670654297
officetrashshadows_4,36,2,39,-3,-0.9045583605766296,2.0954415798187256
officetrashshadows_5,39,1,9,30,4.5155930519104,25.484407424926758
officetrashshadows_5,39,2,14,25,11.121825218200684,13.878174781799316
officetrashshadows_5,39,3,25,14,-1.2554017305374146,15.255401611328125
officetrashshadows_5,39,4,24,15,5.19180965423584,9.80819034576416
officetrashshadows_5,39,5,29,10,-5.964972496032715,15.964972496032715
officetrashshadows_5,39,6,23,16,7.698465824127197,8.301534652709961
officetrashshadows_5,39,7,31,8,-0.8828158974647522,8.882816314697266
officetrashshadows_6,37,1,7,30,6.609168529510498,23.390830993652344
officetrashshadows_6,37,2,14,23,11.39404296875,11.60595703125
officetrashshadows_6,37,3,25,12,7.485259056091309,4.514740943908691
officetrashshadows_6,37,4,32,5,-0.9341669082641602,5.93416690826416
officetrashshadows_6,37,5,31,6,1.1020994186401367,4.897900581359863
officetrashshadows_6,37,6,32,5,2.584916591644287,2.415083408355713
officetrashshadows_8,25,1,0,25,14.004194259643555,10.995805740356445
officetrashshadows_8,25,2,14,11,3.540658473968506,7.459341526031494
officetrashshadows_8,25,3,18,7,-4.555690765380859,11.55569076538086
officetrashshadows_8,25,4,13,12,0.7493420243263245,11.25065803527832
officetrashshadows_8,25,5,14,11,2.674112558364868,8.325887680053711
officetrashshadows_8,25,6,17,8,2.3694026470184326,5.630597114562988
officetrashshadows_8,25,7,19,6,-2.0113096237182617,8.011309623718262
officetrashshadows_9,27,1,0,27,28.644695281982422,1.6446952819824219
officetrash_0,26,1,0,26,33.59823989868164,7.598239898681641
officetrash_0,26,2,34,-8,-7.288843631744385,0.7111563682556152
officetrash_1,23,1,0,23,5.6859283447265625,17.314071655273438
officetrash_1,23,2,6,17,13.775763511657715,3.224236488342285
officetrash_1,23,3,20,3,2.630403995513916,0.369596004486084
officetrash_2,25,1,0,25,10.803994178771973,14.196005821228027
officetrash_2,25,2,11,14,7.361542701721191,6.638457298278809
officetrash_2,25,3,18,7,3.899736166000366,3.100263833999634
officetrash_2,25,4,22,3,-2.761862277984619,5.761862277984619
officetrash_2,25,5,19,6,3.007534980773926,2.992465019226074
officetrash_4,33,1,3,30,27.674306869506836,2.325693130493164
officetrash_5,32,1,2,30,27.030132293701172,2.969867706298828
officetrash_6,24,1,0,24,17.420154571533203,6.579845428466797
officetrash_6,24,2,17,7,5.901002407073975,1.0989975929260254
officetrash_7,31,1,1,30,21.658632278442383,8.341367721557617
officetrash_7,31,2,23,8,11.349020004272461,3.349020004272461
officetrash_7,31,3,34,-3,1.7465511560440063,4.746551036834717
officetrash_7,31,4,36,-5,0.8273232579231262,5.8273234367370605
officetrash_7,31,5,37,-6,-0.8804014921188354,5.119598388671875
officetrash_7,31,6,36,-5,2.0342540740966797,7.03425407409668
officetrash_7,31,7,38,-7,3.9756345748901367,10.975634574890137
officetrash_8,25,1,0,25,16.061004638671875,8.938995361328125
officetrash_8,25,2,16,9,4.335880756378174,4.664119243621826
officetrash_8,25,3,20,5,5.526127815246582,0.526127815246582
outdoorsbalcony1_0,24,1,0,24,31.997493743896484,7.997493743896484
outdoorsbalcony1_0,24,2,32,-8,-10.75713062286377,2.7571306228637695
outdoorsbalcony1_1,23,1,0,23,28.66307830810547,5.663078308105469
outdoorsbalcony1_1,23,2,29,-6,-5.857461452484131,0.14253854751586914
outdoorsbalcony1_2,33,1,3,30,21.497343063354492,8.502656936645508
outdoorsbalcony1_2,33,2,24,9,21.519306182861328,12.519306182861328
outdoorsbalcony1_2,33,3,46,-13,-1.9869557619094849,11.013044357299805
outdoorsbalcony1_2,33,4,44,-11,8.286808013916016,19.286808013916016
outdoorsbalcony1_2,33,5,48,-15,-8.646512985229492,6.353487014770508
outdoorsbalcony1_2,33,6,39,-6,-3.27282452583313,2.72717547416687
outdoorsbalcony1_3,44,1,14,30,33.95378494262695,3.953784942626953
outdoorsbalcony1_3,44,2,48,-4,-11.642040252685547,7.642040252685547
outdoorsbalcony1_3,44,3,36,8,7.786864280700684,0.2131357192993164
outdoorsbalcony1_4,29,1,0,29,18.799131393432617,10.200868606567383
outdoorsbalcony1_4,29,2,19,10,10.01419734954834,0.014197349548339844
outdoorsbalcony1_6,29,1,0,29,27.427583694458008,1.5724163055419922
outdoorsbalcony1_9,38,1,8,30,17.307111740112305,12.692888259887695
outdoorsbalcony1_9,38,2,25,13,13.332430839538574,0.3324308395385742
outdoorsbalcony2_0,23,1,0,23,17.136526107788086,5.863473892211914
outdoorsbalcony2_0,23,2,17,6,2.793546438217163,3.206453561782837
outdoorsbalcony2_0,23,3,20,3,1.2699917554855347,1.7300082445144653
outdoorsbalcony2_1,27,1,0,27,18.531373977661133,8.468626022338867
outdoorsbalcony2_1,27,2,19,8,8.376228332519531,0.37622833251953125
outdoorsbalcony2_2,34,1,4,30,15.832049369812012,14.167950630187988
outdoorsbalcony2_2,34,2,20,14,6.696572780609131,7.303427219390869
outdoorsbalcony2_2,34,3,27,7,3.3560032844543457,3.6439967155456543
outdoorsbalcony2_2,34,4,30,4,5.852949142456055,1.8529491424560547
outdoorsbalcony2_4,21,1,0,21,15.578664779663086,5.421335220336914
outdoorsbalcony2_4,21,2,16,5,2.0055830478668213,2.9944169521331787
outdoorsbalcony2_5,23,1,0,23,24.611276626586914,1.611276626586914
outdoorsbalcony2_6,26,1,0,26,21.256832122802734,4.743167877197266
outdoorsbalcony2_6,26,2,21,5,2.975322961807251,2.024677038192749
outdoorsbalcony2_7,27,1,0,27,16.450092315673828,10.549907684326172
outdoorsbalcony2_7,27,2,16,11,4.476629734039307,6.523370265960693
outdoorsbalcony2_7,27,3,20,7,6.797835826873779,0.2021641731262207
outdoorsbalcony2_8,24,1,0,24,20.804887771606445,3.1951122283935547
outdoorsbalcony2_8,24,2,21,3,8.083028793334961,5.083028793334961
outdoorsbalcony2_8,24,3,29,-5,7.582139492034912,12.58213996887207
outdoorsbalcony2_8,24,4,37,-13,-16.219932556152344,3.2199325561523438
outdoorsbalcony2_8,24,5,21,3,7.7917633056640625,4.7917633056640625
outdoorsbalcony2_8,24,6,29,-5,0.5373759865760803,5.5373759269714355
outdoorsbalcony2_8,24,7,30,-6,-9.516742706298828,3.516742706298828
outdoorsbalcony2_9,21,1,0,21,14.407294273376465,6.592705726623535
outdoorsbalcony2_9,21,2,14,7,4.957294940948486,2.0427050590515137
outdoorsfossils_3,24,1,0,24,9.798111915588379,14.201888084411621
outdoorsfossils_3,24,2,10,14,4.235698699951172,9.764301300048828
outdoorsfossils_3,24,3,14,10,1.8202643394470215,8.17973518371582
outdoorsfossils_3,24,4,16,8,0.8257381916046143,7.174262046813965
outdoorsfossils_3,24,5,17,7,1.8200210332870483,5.179978847503662
outdoorsfossils_3,24,6,19,5,0.8821505308151245,4.117849349975586
outdoorsfossils_3,24,7,20,4,2.071929693222046,1.928070306777954
outdoorsfossils_5,25,1,0,25,12.733880996704102,12.266119003295898
outdoorsfossils_5,25,2,13,12,0.250251829624176,11.749748229980469
outdoorsfossils_5,25,3,13,12,-2.321239948272705,14.321239471435547
outdoorsfossils_5,25,4,11,14,-0.329384982585907,14.329384803771973
outdoorsfossils_5,25,5,11,14,-1.5293786525726318,15.529378890991211
outdoorsfossils_5,25,6,9,16,4.801501750946045,11.198497772216797
outdoorsfossils_5,25,7,14,11,-1.286655306816101,12.28665542602539
outdoorsfossils_6,24,1,0,24,16.390838623046875,7.609161376953125
outdoorsfossils_6,24,2,16,8,2.373802423477173,5.626197814941406
outdoorsfossils_6,24,3,18,6,-3.3264496326446533,9.326449394226074
outdoorsfossils_6,24,4,15,9,6.429453372955322,2.5705466270446777
outdoorsfossils_7,23,1,0,23,12.69776725769043,10.30223274230957
outdoorsfossils_7,23,2,13,10,10.146137237548828,0.14613723754882812
outdoorsfossils_8,24,1,0,24,11.066208839416504,12.933791160583496
outdoorsfossils_8,24,2,11,13,5.559568881988525,7.440431118011475
outdoorsfossils_8,24,3,17,7,6.127753734588623,0.872246265411377
outdoorsfossils_9,25,1,0,25,28.71645164489746,3.716451644897461
outdoorsfossils_9,25,2,29,-4,-1.966241717338562,2.0337581634521484
outdoorsplants_0,37,1,7,30,22.223196029663086,7.776803970336914
outdoorsplants_0,37,2,29,8,7.5485148429870605,0.45148515701293945
outdoorsplants_1,34,1,4,30,21.743146896362305,8.256853103637695
outdoorsplants_1,34,2,26,8,17.108917236328125,9.108917236328125
outdoorsplants_1,34,3,43,-9,20.42058563232422,29.42058563232422
outdoorsplants_1,34,4,48,-14,12.745110511779785,26.74510955810547
outdoorsplants_1,34,5,48,-14,10.169134140014648,24.16913414001465
outdoorsplants_1,34,6,48,-14,7.724673271179199,21.724674224853516
outdoorsplants_1,34,7,48,-14,13.957427978515625,27.957427978515625
outdoorsplants_2,32,1,2,30,12.183248519897461,17.81675148010254
outdoorsplants_2,32,2,14,18,27.061471939086914,9.061471939086914
outdoorsplants_2,32,3,41,-9,17.780229568481445,26.780229568481445
outdoorsplants_2,32,4,48,-16,15.098245620727539,31.09824562072754
outdoorsplants_2,32,5,48,-16,12.880027770996094,28.880027770996094
outdoorsplants_2,32,6,48,-16,8.527179718017578,24.527179718017578
outdoorsplants_2,32,7,48,-16,9.8466157913208,25.846614837646484
outdoorsplants_3,23,1,0,23,18.805713653564453,4.194286346435547
outdoorsplants_3,23,2,19,4,-1.3894790410995483,5.389479160308838
outdoorsplants_3,23,3,18,5,2.7681376934051514,2.2318623065948486
outdoorsplants_6,25,1,0,25,20.6265811920166,4.373418807983398
outdoorsplants_6,25,2,21,4,7.360374450683594,3.3603744506835938
outdoorsplants_6,25,3,28,-3,-2.8418571949005127,0.1581428050994873
outdoorsplants_7,19,1,0,19,16.2938175201416,2.7061824798583984
outdoorsplants_8,20,1,0,20,11.492183685302734,8.507816314697266
outdoorsplants_8,20,2,11,9,0.2839322090148926,8.716068267822266
outdoorsplants_8,20,3,11,9,5.000943660736084,3.999056339263916
outdoorsplants_8,20,4,16,4,-4.620253562927246,8.620253562927246
outdoorsplants_8,20,5,11,9,4.2804274559021,4.7195725440979
outdoorsplants_8,20,6,15,5,-5.488980770111084,10.488981246948242
outdoorsplants_8,20,7,10,10,5.513883590698242,4.486116409301758
outdoorsplants_9,23,1,0,23,28.359956741333008,5.359956741333008
outdoorsplants_9,23,2,28,-5,-2.559502601623535,2.440497398376465
photobox1_0,22,1,0,22,11.354740142822266,10.645259857177734
photobox1_0,22,2,11,11,13.287967681884766,2.2879676818847656
photobox1_1,22,1,0,22,20.205215454101562,1.7947845458984375
photobox1_2,22,1,0,22,20.491741180419922,1.5082588195800781
photobox1_3,23,1,0,23,18.507476806640625,4.492523193359375
photobox1_3,23,2,19,4,-4.486754417419434,8.486754417419434
photobox1_3,23,3,15,8,0.9463361501693726,7.053663730621338
photobox1_3,23,4,16,7,3.5580410957336426,3.4419589042663574
photobox1_3,23,5,20,3,0.9938886761665344,2.0061113834381104
photobox1_4,21,1,0,21,18.603538513183594,2.3964614868164062
photobox1_5,22,1,0,22,25.995107650756836,3.995107650756836
photobox1_5,22,2,26,-4,-4.8559393882751465,0.8559393882751465
photobox1_6,23,1,0,23,-1.466380000114441,24.466379165649414
photobox1_6,23,2,0,23,6.993275165557861,16.006725311279297
photobox1_6,23,3,7,16,5.252418041229248,10.747581481933594
photobox1_6,23,4,12,11,10.728972434997559,0.2710275650024414
photobox1_7,22,1,0,22,43.7676887512207,21.767688751220703
photobox1_7,22,2,44,-22,-12.10534381866455,9.89465618133545
photobox1_7,22,3,32,-10,-13.954174041748047,3.954174041748047
photobox1_7,22,4,18,4,4.3569231033325195,0.35692310333251953
photobox1_8,22,1,0,22,15.275527000427246,6.724472999572754
photobox1_8,22,2,15,7,5.673508167266846,1.3264918327331543
photobox1_9,26,1,0,26,34.66899490356445,8.668994903564453
photobox1_9,26,2,35,-9,-8.221768379211426,0.7782316207885742
photobox2_0,23,1,0,23,28.805925369262695,5.805925369262695
photobox2_0,23,2,29,-6,3.9099738597869873,9.909974098205566
photobox2_0,23,3,33,-10,0.9281356930732727,10.928135871887207
photobox2_0,23,4,34,-11,10.620904922485352,21.62090492248535
photobox2_0,23,5,45,-22,-5.285335063934326,16.714664459228516
photobox2_0,23,6,40,-17,1.7360702753067017,18.73607063293457
photobox2_0,23,7,42,-19,7.4778947830200195,26.477893829345703
photobox2_1,23,1,0,23,15.108073234558105,7.8919267654418945
photobox2_1,23,2,15,8,4.311324596405029,3.6886754035949707
photobox2_1,23,3,19,4,1.3851743936538696,2.61482572555542
photobox2_2,23,1,0,23,18.937416076660156,4.062583923339844
photobox2_2,23,2,19,4,-0.7738544940948486,4.7738542556762695
photobox2_2,23,3,18,5,2.875115394592285,2.124884605407715
photobox2_3,23,1,0,23,25.004697799682617,2.004697799682617
photobox2_4,24,1,0,24,16.25783348083496,7.742166519165039
photobox2_4,24,2,16,8,-0.8817777633666992,8.8817777633667
photobox2_4,24,3,15,9,16.637317657470703,7.637317657470703
photobox2_4,24,4,32,-8,5.507349014282227,13.507349014282227
photobox2_4,24,5,38,-14,-3.1997416019439697,10.80025863647461
photobox2_4,24,6,35,-11,-6.549515247344971,4.450484752655029
photobox2_4,24,7,28,-4,-3.906815767288208,0.09318423271179199
photobox2_5,26,1,0,26,9.982955932617188,16.017044067382812
photobox2_5,26,2,10,16,8.785433769226074,7.214566230773926
photobox2_5,26,3,19,7,2.545640230178833,4.454360008239746
photobox2_5,26,4,22,4,3.641265630722046,0.3587343692779541
photobox2_6,22,1,0,22,6.655643463134766,15.344356536865234
photobox2_6,22,2,7,15,4.440461158752441,10.559538841247559
photobox2_6,22,3,11,11,5.71802282333374,5.28197717666626
photobox2_6,22,4,17,5,-2.070535898208618,7.070535659790039
photobox2_6,22,5,15,7,1.3105027675628662,5.689496994018555
photobox2_6,22,6,16,6,1.8230153322219849,4.176984786987305
photobox2_6,22,7,18,4,-1.3539284467697144,5.353928565979004
photobox2_7,22,1,0,22,12.695747375488281,9.304252624511719
photobox2_7,22,2,13,9,10.4076566696167,1.4076566696166992
photobox2_8,29,1,0,29,45.206634521484375,16.206634521484375
photobox2_8,29,2,45,-16,-6.109334945678711,9.890665054321289
photobox2_8,29,3,39,-10,-8.355810165405273,1.6441898345947266
photobox2_9,23,1,0,23,40.05931091308594,17.059310913085938
photobox2_9,23,2,40,-17,-9.52709674835205,7.472903251647949
photobox2_9,23,3,30,-7,-9.744367599487305,2.7443675994873047
randomsurplus_0,19,1,0,19,-1.0757291316986084,20.075729370117188
randomsurplus_0,19,2,0,19,-7.677055358886719,26.67705535888672
randomsurplus_0,19,3,0,19,6.041121006011963,12.958879470825195
randomsurplus_0,19,4,6,13,-5.7355732917785645,18.735572814941406
randomsurplus_0,19,5,0,19,6.099790573120117,12.900209426879883
randomsurplus_0,19,6,6,13,10.656030654907227,2.3439693450927734
randomsurplus_1,41,1,11,30,20.492145538330078,9.507854461669922
randomsurplus_1,41,2,31,10,7.067427158355713,2.932572841644287
randomsurplus_2,20,1,0,20,11.922243118286133,8.077756881713867
randomsurplus_2,20,2,12,8,-4.094053268432617,12.094053268432617
randomsurplus_2,20,3,8,12,9.41685676574707,2.5831432342529297
randomsurplus_3,29,1,0,29,11.99898624420166,17.001014709472656
randomsurplus_3,29,2,12,17,17.560508728027344,0.5605087280273438
randomsurplus_4,29,1,0,29,21.995424270629883,7.004575729370117
randomsurplus_4,29,2,22,7,10.835445404052734,3.8354454040527344
randomsurplus_4,29,3,33,-4,-0.3870227038860321,3.6129772663116455
randomsurplus_4,29,4,33,-4,-0.7123479247093201,3.287652015686035
randomsurplus_4,29,5,32,-3,1.4111601114273071,4.411159992218018
randomsurplus_4,29,6,33,-4,1.5055958032608032,5.505595684051514
randomsurplus_4,29,7,35,-6,1.87932550907135,7.8793253898620605
randomsurplus_5,21,1,0,21,26.32182502746582,5.32182502746582
randomsurplus_5,21,2,26,-5,-5.633223056793213,0.6332230567932129
randomsurplus_6,22,1,0,22,9.053496360778809,12.946503639221191
randomsurplus_6,22,2,9,13,5.233588218688965,7.766411781311035
randomsurplus_6,22,3,14,8,3.236725091934204,4.763275146484375
randomsurplus_6,22,4,17,5,2.990229845046997,2.009770154953003
randomsurplus_7,22,1,0,22,21.61249542236328,0.38750457763671875
randomsurplus_8,28,1,0,28,2.7054405212402344,25.294559478759766
randomsurplus_8,28,2,3,25,13.81911563873291,11.18088436126709
randomsurplus_8,28,3,17,11,4.548025131225586,6.451974868774414
randomsurplus_8,28,4,22,6,6.597934246063232,0.5979342460632324
randomsurplus_9,28,1,0,28,20.95554542541504,7.044454574584961
randomsurplus_9,28,2,21,7,5.839168548583984,1.1608314514160156
secondfloorbalcony_0,32,1,2,30,20.36336326599121,9.636636734008789
secondfloorbalcony_0,32,2,22,10,8.97346019744873,1.0265398025512695
secondfloorbalcony_1,34,1,4,30,30.375383377075195,0.3753833770751953
secondfloorbalcony_3,20,1,0,20,6.596078395843506,13.403921127319336
secondfloorbalcony_3,20,2,7,13,3.180050849914551,9.81994915008545
secondfloorbalcony_3,20,3,10,10,0.7598347663879395,9.240165710449219
secondfloorbalcony_3,20,4,11,9,-1.723183274269104,10.723183631896973
secondfloorbalcony_3,20,5,9,11,1.0434943437576294,9.95650577545166
secondfloorbalcony_3,20,6,10,10,2.3888566493988037,7.611143112182617
secondfloorbalcony_3,20,7,12,8,-0.6261621713638306,8.6261625289917
secondfloorbalcony_4,23,1,0,23,15.387059211730957,7.612940788269043
secondfloorbalcony_4,23,2,15,8,2.5829830169677734,5.417016983032227
secondfloorbalcony_4,23,3,18,5,23.41878318786621,18.41878318786621
secondfloorbalcony_4,23,4,41,-18,21.53196144104004,39.531959533691406
secondfloorbalcony_4,23,5,48,-25,22.25261116027832,47.25260925292969
secondfloorbalcony_4,23,6,48,-25,20.343416213989258,45.343414306640625
secondfloorbalcony_4,23,7,48,-25,28.119539260864258,53.119537353515625
secondfloorbalcony_6,23,1,0,23,21.578935623168945,1.4210643768310547
secondfloorbalcony_7,19,1,0,19,13.413259506225586,5.586740493774414
secondfloorbalcony_7,19,2,13,6,4.230936527252197,1.7690634727478027
secondfloorbalcony_8,19,1,0,19,12.685173988342285,6.314826011657715
secondfloorbalcony_8,19,2,13,6,0.7676125764846802,5.232387542724609
secondfloorbalcony_8,19,3,14,5,-2.20585298538208,7.20585298538208
secondfloorbalcony_8,19,4,12,7,1.1247186660766602,5.87528133392334
secondfloorbalcony_8,19,5,13,6,1.475675344467163,4.524324417114258
secondfloorbalcony_8,19,6,14,5,4.9412150382995605,0.05878496170043945
secondfloorbalcony_9,21,1,0,21,16.30173110961914,4.698268890380859
secondfloorbalcony_9,21,2,16,5,4.977744102478027,0.022255897521972656
tableroom_0,19,1,0,19,8.424551010131836,10.575448989868164
tableroom_0,19,2,8,11,17.124006271362305,6.124006271362305
tableroom_0,19,3,25,-6,-6.755861282348633,0.7558612823486328
tableroom_1,22,1,0,22,17.346920013427734,4.653079986572266
tableroom_1,22,2,17,5,2.7359302043914795,2.2640697956085205
tableroom_2,44,1,14,30,28.13353157043457,1.8664684295654297
