filename,CorrectPosition,focus_time,index,label,pred,loss
home1_0,31,1,48,-17,-12.72833251953125,4.27166748046875
home1_0,31,2,35,-4,-5.085343837738037,1.085343837738037
home1_1,23,1,43,-20,-24.396543502807617,4.396543502807617
home1_1,23,2,19,4,5.303271293640137,1.3032712936401367
home1_2,44,1,48,-4,-6.436521530151367,2.436521530151367
home1_3,31,1,48,-17,-11.815348625183105,5.1846513748168945
home1_3,31,2,36,-5,0.5846192240715027,5.584619045257568
home1_3,31,3,37,-6,-7.761040210723877,1.761040210723877
home1_4,47,1,48,-1,-6.065201759338379,5.065201759338379
home1_4,47,2,42,5,5.247457504272461,0.24745750427246094
home1_6,37,1,48,-11,-5.860260009765625,5.139739990234375
home1_6,37,2,42,-5,-15.633580207824707,10.633580207824707
home1_6,37,3,26,11,8.515480995178223,2.4845190048217773
home1_8,32,1,48,-16,-10.517685890197754,5.482314109802246
home1_8,32,2,37,-5,-1.8462908267974854,3.1537091732025146
home1_8,32,3,35,-3,-6.772211074829102,3.7722110748291016
home1_8,32,4,28,4,-0.5728116631507874,4.572811603546143
home1_8,32,5,27,5,6.815859317779541,1.815859317779541
home1_9,27,1,47,-20,-23.3045654296875,3.3045654296875
home1_9,27,2,24,3,0.7667492628097534,2.233250617980957
home2_0,44,1,48,-4,-8.97947883605957,4.97947883605957
home2_0,44,2,39,5,-6.627719402313232,11.62771987915039
home2_0,44,3,32,12,17.32497215270996,5.324972152709961
home2_0,44,4,48,-4,-8.271674156188965,4.271674156188965
home2_0,44,5,40,4,-5.809281349182129,9.809281349182129
home2_0,44,6,34,10,4.293332099914551,5.706667900085449
home2_0,44,7,38,6,-6.819147109985352,12.819147109985352
home2_2,37,1,48,-11,-11.780348777770996,0.7803487777709961
home2_3,32,1,48,-16,-11.704768180847168,4.295231819152832
home2_3,32,2,36,-4,-5.391950607299805,1.3919506072998047
home2_4,37,1,48,-11,7.207547187805176,18.20754623413086
home2_4,37,2,48,-11,-2.321913480758667,8.678086280822754
home2_4,37,3,46,-9,10.870429992675781,19.87042999267578
home2_4,37,4,48,-11,-9.901819229125977,1.0981807708740234
home2_5,31,1,48,-17,-12.22354507446289,4.776454925537109
home2_5,31,2,36,-5,-8.361837387084961,3.361837387084961
home2_5,31,3,28,3,4.296176910400391,1.2961769104003906
home2_6,25,1,45,-20,-16.05961799621582,3.9403820037841797
home2_6,25,2,29,-4,-8.296053886413574,4.296053886413574
home2_6,25,3,21,4,1.2121409177780151,2.7878589630126953
home2_9,30,1,48,-18,-14.64940357208252,3.3505964279174805
home2_9,30,2,33,-3,-4.580185890197754,1.580185890197754
microkitchen1_0,21,1,41,-20,-16.67827033996582,3.3217296600341797
microkitchen1_0,21,2,24,-3,-4.757277965545654,1.7572779655456543
microkitchen1_1,21,1,41,-20,-25.47111701965332,5.47111701965332
microkitchen1_1,21,2,16,5,5.719263553619385,0.7192635536193848
microkitchen1_2,21,1,41,-20,-15.301385879516602,4.698614120483398
microkitchen1_2,21,2,26,-5,-6.807316303253174,1.8073163032531738
microkitchen1_3,24,1,44,-20,-24.946435928344727,4.946435928344727
microkitchen1_3,24,2,19,5,5.184288501739502,0.18428850173950195
microkitchen1_4,25,1,45,-20,-19.396358489990234,0.6036415100097656
microkitchen1_5,25,1,45,-20,-20.12535285949707,0.1253528594970703
microkitchen1_6,27,1,47,-20,-19.564542770385742,0.4354572296142578
microkitchen1_7,24,1,44,-20,-17.920549392700195,2.0794506072998047
microkitchen1_8,28,1,48,-20,-13.570889472961426,6.429110527038574
microkitchen1_8,28,2,34,-6,-4.261660099029541,1.738339900970459
microkitchen1_9,20,1,40,-20,-17.920377731323242,2.079622268676758
pillowroom1_6,36,1,48,-12,-9.427316665649414,2.572683334350586
pillowroom1_8,34,1,48,-14,-17.432353973388672,3.432353973388672
pillowroom1_8,34,2,31,3,8.897331237792969,5.897331237792969
pillowroom1_8,34,3,40,-6,-13.157193183898926,7.157193183898926
pillowroom1_8,34,4,27,7,14.011833190917969,7.011833190917969
pillowroom1_8,34,5,41,-7,-13.977270126342773,6.977270126342773
pillowroom1_8,34,6,27,7,1.7378438711166382,5.262156009674072
pillowroom1_8,34,7,29,5,14.065239906311035,9.065239906311035
pillowroom1_9,24,1,44,-20,-18.536684036254883,1.4633159637451172
secondfloorgames_0,20,1,40,-20,-1.906819224357605,18.093181610107422
secondfloorgames_0,20,2,38,-18,-16.16455078125,1.83544921875
secondfloorgames_1,21,1,41,-20,-15.421835899353027,4.578164100646973
secondfloorgames_1,21,2,26,-5,-12.0933837890625,7.0933837890625
secondfloorgames_1,21,3,14,7,-5.657942295074463,12.657941818237305
secondfloorgames_1,21,4,8,13,10.866752624511719,2.1332473754882812
secondfloorgames_2,23,1,43,-20,-17.45486068725586,2.5451393127441406
secondfloorgames_3,26,1,46,-20,-16.102346420288086,3.897653579711914
secondfloorgames_3,26,2,30,-4,-7.13542366027832,3.1354236602783203
secondfloorgames_3,26,3,23,3,8.043639183044434,5.043639183044434
secondfloorgames_3,26,4,31,-5,-8.23307991027832,3.2330799102783203
secondfloorgames_3,26,5,23,3,2.791499614715576,0.20850038528442383
secondfloorgames_4,34,1,48,-14,-18.859724044799805,4.859724044799805
secondfloorgames_4,34,2,29,5,3.59460711479187,1.4053928852081299
secondfloorgames_5,27,1,47,-20,-14.904908180236816,5.095091819763184
secondfloorgames_5,27,2,32,-5,-10.612203598022461,5.612203598022461
secondfloorgames_5,27,3,21,6,2.8378982543945312,3.1621017456054688
secondfloorgames_5,27,4,24,3,3.302898406982422,0.3028984069824219
secondfloorgames_6,25,1,45,-20,-24.043405532836914,4.043405532836914
secondfloorgames_6,25,2,21,4,5.26729679107666,1.2672967910766602
secondfloorgames_7,25,1,45,-20,-14.83031177520752,5.1696882247924805
secondfloorgames_7,25,2,30,-5,-4.794922828674316,0.2050771713256836
secondfloorgames_8,23,1,43,-20,-21.093839645385742,1.0938396453857422
apt1_0,26,1,46,-20,-19.669029235839844,0.33097076416015625
apt1_1,22,1,42,-20,-21.79030418395996,1.790304183959961
apt1_2,24,1,44,-20,-14.579086303710938,5.4209136962890625
apt1_2,24,2,29,-5,-6.253602027893066,1.2536020278930664
apt1_3,26,1,46,-20,-6.388374328613281,13.611625671386719
apt1_3,26,2,40,-14,-6.2878313064575195,7.7121686935424805
apt1_3,26,3,34,-8,-4.532153606414795,3.467846393585205
apt1_3,26,4,29,-3,-2.3198492527008057,0.6801507472991943
apt1_4,23,1,43,-20,-26.318679809570312,6.3186798095703125
apt1_4,23,2,17,6,-4.406648635864258,10.406648635864258
apt1_4,23,3,13,10,3.109769821166992,6.890230178833008
apt1_4,23,4,16,7,8.16136360168457,1.1613636016845703
apt1_5,22,1,42,-20,-15.193523406982422,4.806476593017578
apt1_5,22,2,27,-5,-9.23108196258545,4.231081962585449
apt1_5,22,3,18,4,1.2675319910049438,2.7324681282043457
apt1_6,23,1,43,-20,-20.9157657623291,0.9157657623291016
apt1_7,27,1,47,-20,-9.456270217895508,10.543729782104492
apt1_7,27,2,38,-11,-11.074817657470703,0.07481765747070312
apt1_8,31,1,48,-17,-14.50986099243164,2.4901390075683594
apt1_9,26,1,46,-20,-17.75783920288086,2.2421607971191406
apt2_0,36,1,48,-12,-9.651318550109863,2.3486814498901367
apt2_1,24,1,44,-20,-11.359569549560547,8.640430450439453
apt2_1,24,2,33,-9,-5.973605155944824,3.026394844055176
apt2_1,24,3,27,-3,-1.873733401298523,1.126266598701477
apt2_2,28,1,48,-20,-11.765145301818848,8.234854698181152
apt2_2,28,2,36,-8,-7.310013294219971,0.6899867057800293
apt2_3,41,1,48,-7,-17.0681095123291,10.068109512329102
apt2_3,41,2,31,10,7.95430326461792,2.04569673538208
apt2_4,24,1,44,-20,-13.37801456451416,6.62198543548584
apt2_4,24,2,31,-7,-9.30333423614502,2.3033342361450195
apt2_5,26,1,46,-20,-13.149049758911133,6.850950241088867
apt2_5,26,2,33,-7,-10.313965797424316,3.3139657974243164
apt2_5,26,3,23,3,-1.1090762615203857,4.109076499938965
apt2_5,26,4,22,4,5.933768272399902,1.9337682723999023
apt2_6,26,1,46,-20,-23.3079833984375,3.3079833984375
apt2_6,26,2,23,3,5.321920871734619,2.321920871734619
apt2_7,32,1,48,-16,-11.268922805786133,4.731077194213867
apt2_7,32,2,37,-5,-1.7111645936965942,3.2888355255126953
apt2_7,32,3,35,-3,-0.7312617301940918,2.268738269805908
apt2_8,37,1,48,-11,-5.020228862762451,5.979771137237549
apt2_8,37,2,43,-6,-9.90989875793457,3.9098987579345703
apt2_8,37,3,33,4,4.401274681091309,0.4012746810913086
apt2_9,24,1,44,-20,-6.30574893951416,13.69425106048584
apt2_9,24,2,38,-14,-14.471029281616211,0.47102928161621094
books_0,25,1,45,-20,-13.117714881896973,6.882285118103027
books_0,25,2,32,-7,-2.4728996753692627,4.527100563049316
books_0,25,3,30,-5,-15.522417068481445,10.522417068481445
books_0,25,4,14,11,8.265438079833984,2.7345619201660156
books_1,25,1,45,-20,-12.350889205932617,7.649110794067383
books_1,25,2,33,-8,-4.332544803619385,3.6674551963806152
books_1,25,3,29,-4,-4.026345252990723,0.026345252990722656
books_2,21,1,41,-20,-22.06094741821289,2.0609474182128906
books_3,22,1,42,-20,-29.20866584777832,9.20866584777832
books_3,22,2,13,9,8.410289764404297,0.5897102355957031
books_4,24,1,44,-20,-19.14490509033203,0.8550949096679688
books_5,21,1,41,-20,-13.922422409057617,6.077577590942383
books_5,21,2,27,-6,-4.285853862762451,1.7141461372375488
books_6,20,1,40,-20,-17.180233001708984,2.8197669982910156
books_7,25,1,45,-20,-6.539837837219238,13.460162162780762
books_7,25,2,38,-13,-12.711405754089355,0.28859424591064453
books_8,24,1,44,-20,-8.403726577758789,11.596273422241211
books_8,24,2,36,-12,-10.58004093170166,1.4199590682983398
books_9,33,1,48,-15,-8.495321273803711,6.504678726196289
books_9,33,2,40,-7,-6.467301845550537,0.5326981544494629
bottles_0,22,1,42,-20,-23.6286678314209,3.6286678314208984
bottles_0,22,2,18,4,7.474534511566162,3.474534511566162
bottles_0,22,3,25,-3,7.8129072189331055,10.812907218933105
bottles_0,22,4,33,-11,-7.148961067199707,3.851038932800293
bottles_0,22,5,26,-4,-5.836215019226074,1.8362150192260742
bottles_1,22,1,42,-20,-15.882986068725586,4.117013931274414
bottles_1,22,2,26,-4,-11.022666931152344,7.022666931152344
bottles_1,22,3,15,7,8.359810829162598,1.3598108291625977
bottles_2,24,1,44,-20,5.452722072601318,25.452722549438477
bottles_2,24,2,48,-24,-16.756004333496094,7.243995666503906
bottles_2,24,3,31,-7,-9.049257278442383,2.049257278442383
bottles_3,44,1,48,-4,-11.253580093383789,7.253580093383789
bottles_3,44,2,37,7,8.064979553222656,1.0649795532226562
bottles_4,26,1,46,-20,14.23249340057373,34.23249435424805
bottles_4,26,2,48,-22,-12.412983894348145,9.587016105651855
bottles_4,26,3,36,-10,-10.886557579040527,0.8865575790405273
bottles_5,26,1,46,-20,-5.118941307067871,14.881058692932129
bottles_5,26,2,41,-15,-11.98952865600586,3.0104713439941406
bottles_5,26,3,29,-3,-0.29627692699432373,2.7037229537963867
bottles_6,44,1,48,-4,-1.639173150062561,2.3608269691467285
bottles_7,48,1,48,0,-0.9621052742004395,0.9621052742004395
bottles_8,30,1,48,-18,-7.390214443206787,10.609785079956055
bottles_8,30,2,41,-11,-6.295962333679199,4.704037666320801
bottles_8,30,3,35,-5,1.1831384897232056,6.183138370513916
bottles_8,30,4,36,-6,5.5823893547058105,11.582389831542969
bottles_8,30,5,42,-12,-12.992963790893555,0.9929637908935547
campusoutdoors1_0,21,1,41,-20,-11.86630916595459,8.13369083404541
campusoutdoors1_0,21,2,29,-8,-9.118670463562012,1.1186704635620117
campusoutdoors1_1,20,1,40,-20,-18.224138259887695,1.7758617401123047
campusoutdoors1_2,21,1,41,-20,-15.375547409057617,4.624452590942383
campusoutdoors1_2,21,2,26,-5,-5.143104553222656,0.14310455322265625
campusoutdoors1_3,20,1,40,-20,-14.24410343170166,5.75589656829834
campusoutdoors1_3,20,2,26,-6,-10.865365982055664,4.865365982055664
campusoutdoors1_3,20,3,15,5,3.4422860145568848,1.5577139854431152
campusoutdoors1_4,23,1,43,-20,-15.41940975189209,4.58059024810791
campusoutdoors1_4,23,2,28,-5,-7.593172550201416,2.593172550201416
campusoutdoors1_5,23,1,43,-20,-15.835577964782715,4.164422035217285
campusoutdoors1_5,23,2,27,-4,-4.1110148429870605,0.11101484298706055
campusoutdoors1_6,22,1,42,-20,-14.541930198669434,5.458069801330566
campusoutdoors1_6,22,2,27,-5,-3.4948508739471436,1.5051491260528564
campusoutdoors1_8,19,1,39,-20,-18.882808685302734,1.1171913146972656
campusoutdoors1_9,19,1,39,-20,-17.763898849487305,2.2361011505126953
campusoutdoors2_0,20,1,40,-20,-19.580486297607422,0.4195137023925781
campusoutdoors2_1,44,1,48,-4,-1.1769062280654907,2.823093891143799
campusoutdoors2_3,28,1,48,-20,-21.040836334228516,1.0408363342285156
campusoutdoors2_4,30,1,48,-18,-17.783933639526367,0.2160663604736328
campusoutdoors2_5,29,1,48,-19,-13.3497953414917,5.650204658508301
campusoutdoors2_5,29,2,35,-6,-8.957626342773438,2.9576263427734375
campusoutdoors2_6,22,1,42,-20,-24.690208435058594,4.690208435058594
campusoutdoors2_6,22,2,17,5,5.016162395477295,0.016162395477294922
campusoutdoors2_7,23,1,43,-20,-25.884336471557617,5.884336471557617
campusoutdoors2_7,23,2,17,6,10.412731170654297,4.412731170654297
campusoutdoors2_7,23,3,27,-4,-8.11237907409668,4.11237907409668
campusoutdoors2_7,23,4,19,4,3.7371902465820312,0.26280975341796875
campusoutdoors2_8,22,1,42,-20,-15.609461784362793,4.390538215637207
campusoutdoors2_8,22,2,26,-4,-6.3371500968933105,2.3371500968933105
campusoutdoors2_9,24,1,44,-20,-25.253360748291016,5.253360748291016
campusoutdoors2_9,24,2,19,5,7.513006687164307,2.5130066871643066
fakeplants_0,23,1,43,-20,-12.38918685913086,7.610813140869141
fakeplants_0,23,2,31,-8,-10.324301719665527,2.3243017196655273
fakeplants_1,22,1,42,-20,-20.15806770324707,0.1580677032470703
fakeplants_2,21,1,41,-20,-14.080719947814941,5.919280052185059
fakeplants_2,21,2,27,-6,-4.419103622436523,1.5808963775634766
fakeplants_3,30,1,48,-18,-20.195283889770508,2.195283889770508
fakeplants_4,25,1,45,-20,-12.389867782592773,7.610132217407227
fakeplants_4,25,2,33,-8,-17.156234741210938,9.156234741210938
fakeplants_4,25,3,16,9,7.0594940185546875,1.9405059814453125
fakeplants_5,21,1,41,-20,-27.601200103759766,7.601200103759766
fakeplants_5,21,2,13,8,10.080735206604004,2.080735206604004
fakeplants_6,21,1,41,-20,-17.159055709838867,2.840944290161133
fakeplants_7,23,1,43,-20,-13.125081062316895,6.8749189376831055
fakeplants_7,23,2,30,-7,-8.159677505493164,1.159677505493164
fakeplants_8,22,1,42,-20,-10.824508666992188,9.175491333007812
fakeplants_8,22,2,31,-9,-8.048737525939941,0.9512624740600586
fakeplants_9,21,1,41,-20,-11.416033744812012,8.583966255187988
fakeplants_9,21,2,30,-9,-20.88666534423828,11.886665344238281
fakeplants_9,21,3,9,12,10.668204307556152,1.3317956924438477
garage2_0,22,1,42,-20,-26.365413665771484,6.365413665771484
garage2_0,22,2,16,6,6.314273357391357,0.3142733573913574
garage2_1,27,1,47,-20,-20.968374252319336,0.9683742523193359
garage2_2,31,1,48,-17,-4.984563827514648,12.015436172485352
garage2_2,31,2,43,-12,-16.532032012939453,4.532032012939453
garage2_2,31,3,26,5,6.686614036560059,1.6866140365600586
garage2_3,43,1,48,-5,11.067337036132812,16.067337036132812
garage2_3,43,2,48,-5,1.4810168743133545,6.481017112731934
garage2_3,43,3,48,-5,-2.3530478477478027,2.6469521522521973
garage2_4,29,1,48,-19,-8.851117134094238,10.148882865905762
garage2_4,29,2,39,-10,-8.966948509216309,1.0330514907836914
garage2_6,26,1,46,-20,-21.736330032348633,1.7363300323486328
garage2_7,21,1,41,-20,-20.045909881591797,0.045909881591796875
garage2_8,22,1,42,-20,-15.35433578491211,4.645664215087891
garage2_8,22,2,27,-5,-5.6605119705200195,0.6605119705200195
garage2_9,27,1,47,-20,2.942885398864746,22.942886352539062
garage2_9,27,2,48,-21,-10.161761283874512,10.838238716125488
garage2_9,27,3,38,-11,-10.178833961486816,0.8211660385131836
garage_0,30,1,48,-18,-12.386466979980469,5.613533020019531
garage_0,30,2,36,-6,-9.110199928283691,3.1101999282836914
garage_0,30,3,27,3,9.521139144897461,6.521139144897461
garage_0,30,4,37,-7,-5.073729515075684,1.9262704849243164
garage_3,21,1,41,-20,-13.917125701904297,6.082874298095703
garage_3,21,2,27,-6,-7.698322296142578,1.6983222961425781
garage_6,28,1,48,-20,-7.343828201293945,12.656171798706055
garage_6,28,2,41,-13,-9.111058235168457,3.888941764831543
garage_6,28,3,32,-4,-13.75353717803955,9.75353717803955
garage_6,28,4,18,10,9.72694206237793,0.2730579376220703
garage_7,23,1,43,-20,-15.957229614257812,4.0427703857421875
garage_7,23,2,27,-4,-2.014842987060547,1.9851570129394531
garage_8,40,1,48,-8,-8.332751274108887,0.3327512741088867
garage_9,20,1,40,-20,-18.785743713378906,1.2142562866210938
hallway1_0,29,1,48,-19,-18.79953956604004,0.20046043395996094
hallway1_2,34,1,48,-14,-13.41623592376709,0.5837640762329102
hallway1_3,31,1,48,-17,-15.924825668334961,1.075174331665039
hallway1_4,30,1,48,-18,-11.36275863647461,6.637241363525391
hallway1_4,30,2,37,-7,-9.547433853149414,2.547433853149414
hallway1_5,22,1,42,-20,-15.979778289794922,4.020221710205078
hallway1_5,22,2,26,-4,-3.6505978107452393,0.34940218925476074
hallway1_6,27,1,47,-20,-10.7405366897583,9.2594633102417
hallway1_6,27,2,36,-9,-6.252750396728516,2.7472496032714844
hallway1_7,41,1,48,-7,0.15324299037456512,7.153243064880371
hallway1_7,41,2,48,-7,-5.404016971588135,1.5959830284118652
hallway2_0,32,1,48,-16,-18.390836715698242,2.390836715698242
hallway2_2,27,1,47,-20,-10.569293975830078,9.430706024169922
hallway2_2,27,2,36,-9,-13.486900329589844,4.486900329589844
hallway2_2,27,3,23,4,6.7992353439331055,2.7992353439331055
meetingroom1_7,19,1,39,-20,-8.0079984664917,11.9920015335083
meetingroom1_7,19,2,31,-12,-11.112760543823242,0.8872394561767578
meetingroom1_8,21,1,41,-20,-4.999890327453613,15.000109672546387
meetingroom1_8,21,2,36,-15,-12.448419570922852,2.5515804290771484
meetingroom1_9,23,1,43,-20,-20.746980667114258,0.7469806671142578
meetingroom2_0,27,1,47,-20,-8.671689987182617,11.328310012817383
meetingroom2_0,27,2,38,-11,-5.150969505310059,5.849030494689941
meetingroom2_0,27,3,33,-6,-2.032996654510498,3.967003345489502
meetingroom2_0,27,4,31,-4,-9.943021774291992,5.943021774291992
meetingroom2_0,27,5,21,6,12.493647575378418,6.493647575378418
meetingroom2_0,27,6,33,-6,-8.668756484985352,2.6687564849853516
meetingroom2_1,23,1,43,-20,-3.966322183609009,16.03367805480957
meetingroom2_1,23,2,39,-16,-7.454716205596924,8.545284271240234
meetingroom2_1,23,3,32,-9,3.5884528160095215,12.58845329284668
meetingroom2_1,23,4,36,-13,13.244797706604004,26.244796752929688
meetingroom2_1,23,5,48,-25,4.576320171356201,29.57632064819336
meetingroom2_1,23,6,48,-25,-8.593597412109375,16.406402587890625
meetingroom2_1,23,7,39,-16,-0.9128954410552979,15.087104797363281
meetingroom2_2,23,1,43,-20,-16.023902893066406,3.9760971069335938
meetingroom2_2,23,2,27,-4,-0.7255633473396301,3.2744367122650146
meetingroom2_2,23,3,26,-3,-2.065387487411499,0.934612512588501
meetingroom2_3,27,1,47,-20,-7.711923599243164,12.288076400756836
meetingroom2_3,27,2,39,-12,-9.310528755187988,2.6894712448120117
meetingroom2_4,21,1,41,-20,-19.25067710876465,0.7493228912353516
meetingroom2_5,23,1,43,-20,-14.381240844726562,5.6187591552734375
meetingroom2_5,23,2,29,-6,-14.406932830810547,8.406932830810547
meetingroom2_5,23,3,15,8,2.1355745792388916,5.8644256591796875
meetingroom2_5,23,4,17,6,8.986597061157227,2.9865970611572266
meetingroom2_6,25,1,45,-20,-17.782609939575195,2.2173900604248047
meetingroom2_7,27,1,47,-20,-16.5328426361084,3.4671573638916016
meetingroom2_7,27,2,30,-3,-4.334439754486084,1.334439754486084
meetingroom2_8,27,1,47,-20,-15.49454402923584,4.50545597076416
meetingroom2_8,27,2,32,-5,5.5681939125061035,10.568193435668945
meetingroom2_8,27,3,38,-11,-18.195112228393555,7.195112228393555
meetingroom2_8,27,4,20,7,4.5355377197265625,2.4644622802734375
meetingroom2_9,28,1,48,-20,-16.720191955566406,3.2798080444335938
meetingroom2_9,28,2,31,-3,-0.9565024971961975,2.0434975624084473
officecrawl1_0,26,1,46,-20,-0.6505086421966553,19.349491119384766
officecrawl1_0,26,2,45,-19,-18.93877601623535,0.06122398376464844
officecrawl1_1,33,1,48,-15,-9.792247772216797,5.207752227783203
officecrawl1_1,33,2,38,-5,-3.4027228355407715,1.5972771644592285
officecrawl1_2,32,1,48,-16,-9.97642707824707,6.02357292175293
officecrawl1_2,32,2,38,-6,-9.127756118774414,3.127756118774414
officecrawl1_2,32,3,29,3,5.212396144866943,2.2123961448669434
officecrawl1_3,26,1,46,-20,-13.453679084777832,6.546320915222168
officecrawl1_3,26,2,33,-7,-9.140713691711426,2.140713691711426
officecrawl1_4,38,1,48,-10,-4.769311428070068,5.230688571929932
officecrawl1_4,38,2,43,-5,-4.209263801574707,0.790736198425293
officecrawl1_5,23,1,43,-20,-8.91829776763916,11.08170223236084
officecrawl1_5,23,2,34,-11,-8.743315696716309,2.2566843032836914
officecrawl1_6,29,1,48,-19,-4.766037940979004,14.233962059020996
officecrawl1_6,29,2,43,-14,-2.9843382835388184,11.015661239624023
officecrawl1_6,29,3,40,-11,-1.6859666109085083,9.314033508300781
officecrawl1_6,29,4,38,-9,-2.5174121856689453,6.482587814331055
officecrawl1_6,29,5,35,-6,-7.184658050537109,1.1846580505371094
officecrawl1_7,32,1,48,-16,-29.82582664489746,13.825826644897461
officecrawl1_7,32,2,18,14,9.54190444946289,4.458095550537109
officecrawl1_7,32,3,28,4,4.183857440948486,0.18385744094848633
officecrawl1_8,34,1,48,-14,-9.777896881103516,4.222103118896484
officecrawl1_8,34,2,38,-4,-2.8141472339630127,1.1858527660369873
officecrawl1_9,40,1,48,-8,-3.298701524734497,4.701298713684082
officecrawl1_9,40,2,45,-5,2.9399893283843994,7.93998908996582
officecrawl1_9,40,3,48,-8,-2.2863478660583496,5.71365213394165
officecrawl1_9,40,4,46,-6,-4.866867542266846,1.1331324577331543
officecrawl2_0,29,1,48,-19,-16.889673233032227,2.1103267669677734
officecrawl2_1,22,1,42,-20,-13.78160572052002,6.2183942794799805
officecrawl2_1,22,2,28,-6,10.200321197509766,16.200321197509766
officecrawl2_1,22,3,38,-16,-14.084175109863281,1.9158248901367188
officecrawl2_2,45,1,48,-3,2.5214104652404785,5.5214104652404785
officecrawl2_2,45,2,48,-3,-6.629515171051025,3.6295151710510254
officecrawl2_2,45,3,41,4,3.733553886413574,0.2664461135864258
officecrawl2_3,41,1,48,-7,-3.1064178943634033,3.8935821056365967
officecrawl2_3,41,2,45,-4,-3.9254534244537354,0.07454657554626465
officecrawl2_4,27,1,47,-20,-13.624945640563965,6.375054359436035
officecrawl2_4,27,2,33,-6,-7.444014072418213,1.444014072418213
officecrawl2_6,26,1,46,-20,-10.370597839355469,9.629402160644531
officecrawl2_6,26,2,36,-10,-6.401849746704102,3.5981502532958984
officecrawl2_6,26,3,30,-4,-1.7874650955200195,2.2125349044799805
officecrawl2_7,29,1,48,-19,-15.906697273254395,3.0933027267456055
officecrawl2_7,29,2,32,-3,-5.406596660614014,2.4065966606140137
officecrawl2_8,23,1,43,-20,-20.012298583984375,0.012298583984375
officecrawl2_9,44,1,48,-4,-6.447520732879639,2.4475207328796387
officecrawl3_1,26,1,46,-20,-12.891678810119629,7.108321189880371
officecrawl3_1,26,2,33,-7,-4.03536319732666,2.96463680267334
officecrawl3_2,24,1,44,-20,-11.85316276550293,8.14683723449707
officecrawl3_2,24,2,32,-8,-7.851462364196777,0.14853763580322266
officecrawl3_3,38,1,48,-10,-7.700918674468994,2.299081325531006
officecrawl3_4,20,1,40,-20,-10.303691864013672,9.696308135986328
officecrawl3_4,20,2,30,-10,-3.961909770965576,6.038090229034424
officecrawl3_4,20,3,26,-6,-4.943408489227295,1.056591510772705
officecrawl3_5,28,1,48,-20,-14.85995864868164,5.140041351318359
officecrawl3_5,28,2,33,-5,-5.8613080978393555,0.8613080978393555
officecrawl3_6,27,1,47,-20,-14.257692337036133,5.742307662963867
officecrawl3_6,27,2,33,-6,-5.517091751098633,0.4829082489013672
officecrawl3_7,30,1,48,-18,-16.991968154907227,1.0080318450927734
officecrawl3_8,20,1,40,-20,-23.1137752532959,3.1137752532958984
officecrawl3_8,20,2,17,3,2.6908984184265137,0.30910158157348633
officecrawl3_9,26,1,46,-20,-6.516657829284668,13.483342170715332
officecrawl3_9,26,2,39,-13,-1.8230804204940796,11.176919937133789
officecrawl3_9,26,3,37,-11,-2.4061973094940186,8.593802452087402
officecrawl3_9,26,4,35,-9,-0.5789361596107483,8.421063423156738
officecrawl3_9,26,5,34,-8,-3.6860058307647705,4.313994407653809
officecrawl3_9,26,6,30,-4,15.18714714050293,19.18714714050293
officecrawl3_9,26,7,45,-19,-7.906108379364014,11.093891143798828
officeroom1_0,31,1,48,-17,-13.58244514465332,3.4175548553466797
officeroom1_0,31,2,34,-3,12.474576950073242,15.474576950073242
officeroom1_0,31,3,46,-15,-17.96544647216797,2.9654464721679688
officeroom1_1,33,1,48,-15,-8.966266632080078,6.033733367919922
officeroom1_1,33,2,39,-6,-5.103253364562988,0.8967466354370117
officeroom1_2,32,1,48,-16,-21.034704208374023,5.034704208374023
officeroom1_2,32,2,27,5,2.5247139930725098,2.4752860069274902
officeroom1_3,36,1,48,-12,-13.478049278259277,1.4780492782592773
officeroom1_4,22,1,42,-20,-16.929859161376953,3.070140838623047
officeroom1_4,22,2,25,-3,-8.177064895629883,5.177064895629883
officeroom1_4,22,3,17,5,12.163273811340332,7.163273811340332
officeroom1_4,22,4,29,-7,-15.025574684143066,8.025574684143066
officeroom1_4,22,5,14,8,11.18659496307373,3.1865949630737305
officeroom1_4,22,6,25,-3,-2.9879567623138428,0.012043237686157227
officeroom1_5,21,1,41,-20,-22.71669578552246,2.716695785522461
officeroom1_6,21,1,41,-20,-18.692569732666016,1.3074302673339844
officeroom1_7,29,1,48,-19,-4.375672340393066,14.624327659606934
officeroom1_7,29,2,44,-15,-6.542243003845215,8.457756996154785
officeroom1_7,29,3,37,-8,-4.626838684082031,3.3731613159179688
officeroom1_7,29,4,32,-3,1.134666085243225,4.1346659660339355
officeroom1_7,29,5,33,-4,-17.051130294799805,13.051130294799805
officeroom1_7,29,6,16,13,12.94554328918457,0.05445671081542969
officeroom1_8,22,1,42,-20,-15.62279224395752,4.3772077560424805
officeroom1_8,22,2,26,-4,-1.3130978345870972,2.6869020462036133
officeroom1_9,32,1,48,-16,-8.31269359588623,7.6873064041137695
officeroom1_9,32,2,40,-8,-7.90529727935791,0.09470272064208984
officetrashshadows_1,38,1,48,-10,-9.574687004089355,0.42531299591064453
officetrashshadows_2,25,1,45,-20,-23.375106811523438,3.3751068115234375
officetrashshadows_2,25,2,22,3,3.628185510635376,0.628185510635376
officetrashshadows_3,28,1,48,-20,-25.256803512573242,5.256803512573242
officetrashshadows_3,28,2,23,5,5.322368144989014,0.32236814498901367
officetrashshadows_4,44,1,48,-4,-1.3662173748016357,2.6337826251983643
officetrashshadows_8,25,1,45,-20,-17.124380111694336,2.875619888305664
officetrashshadows_9,36,1,48,-12,-1.8048268556594849,10.195173263549805
officetrashshadows_9,36,2,46,-10,-12.047618865966797,2.047618865966797
officetrash_0,32,1,48,-16,-14.770271301269531,1.2297286987304688
officetrash_1,24,1,44,-20,-16.845653533935547,3.154346466064453
officetrash_1,24,2,27,-3,-1.5049159526824951,1.4950840473175049
officetrash_2,28,1,48,-20,-18.208932876586914,1.791067123413086
officetrash_4,37,1,48,-11,-9.85054874420166,1.1494512557983398
officetrash_5,24,1,44,-20,-8.775527000427246,11.224472999572754
officetrash_5,24,2,35,-11,-3.0060253143310547,7.993974685668945
officetrash_5,24,3,32,-8,-5.31569766998291,2.68430233001709
officetrash_6,23,1,43,-20,-13.802083969116211,6.197916030883789
officetrash_6,23,2,29,-6,-9.13127326965332,3.1312732696533203
officetrash_6,23,3,20,3,-0.3141504228115082,3.314150333404541
officetrash_6,23,4,20,3,2.706987142562866,0.2930128574371338
officetrash_7,32,1,48,-16,-22.42100715637207,6.42100715637207
officetrash_7,32,2,26,6,12.344090461730957,6.344090461730957
officetrash_7,32,3,38,-6,-11.784862518310547,5.784862518310547
officetrash_7,32,4,26,6,9.770548820495605,3.7705488204956055
officetrash_7,32,5,36,-4,-0.1112901121377945,3.888709783554077
officetrash_7,32,6,36,-4,-4.578135013580322,0.5781350135803223
officetrash_8,25,1,45,-20,-13.187206268310547,6.812793731689453
officetrash_8,25,2,32,-7,6.142741680145264,13.142742156982422
officetrash_8,25,3,38,-13,-0.2559974491596222,12.744002342224121
officetrash_8,25,4,38,-13,-7.113639831542969,5.886360168457031
officetrash_8,25,5,31,-6,-12.701295852661133,6.701295852661133
officetrash_8,25,6,18,7,8.407705307006836,1.407705307006836
outdoorsbalcony1_0,24,1,44,-20,-21.251325607299805,1.2513256072998047
outdoorsbalcony1_1,24,1,44,-20,-19.108871459960938,0.8911285400390625
outdoorsbalcony1_2,34,1,48,-14,-10.871622085571289,3.128377914428711
outdoorsbalcony1_2,34,2,37,-3,-5.947661876678467,2.947661876678467
outdoorsbalcony1_4,30,1,48,-18,-13.599034309387207,4.400965690612793
outdoorsbalcony1_4,30,2,34,-4,-4.734251976013184,0.7342519760131836
outdoorsbalcony1_6,34,1,48,-14,-14.605843544006348,0.6058435440063477
outdoorsbalcony1_9,34,1,48,-14,-18.611709594726562,4.6117095947265625
outdoorsbalcony1_9,34,2,29,5,3.230968475341797,1.7690315246582031
outdoorsbalcony2_0,23,1,43,-20,-15.177007675170898,4.822992324829102
outdoorsbalcony2_0,23,2,28,-5,4.747323036193848,9.747323036193848
outdoorsbalcony2_0,23,3,33,-10,-4.762746810913086,5.237253189086914
outdoorsbalcony2_0,23,4,28,-5,-2.5807480812072754,2.4192519187927246
outdoorsbalcony2_1,29,1,48,-19,-11.044340133666992,7.955659866333008
outdoorsbalcony2_1,29,2,37,-8,-6.174120903015137,1.8258790969848633
outdoorsbalcony2_2,40,1,48,-8,-3.1586503982543945,4.8413496017456055
outdoorsbalcony2_2,40,2,45,-5,-4.785356044769287,0.2146439552307129
outdoorsbalcony2_4,23,1,43,-20,-15.764342308044434,4.235657691955566
outdoorsbalcony2_4,23,2,27,-4,-5.751928329467773,1.7519283294677734
outdoorsbalcony2_5,23,1,43,-20,-20.023788452148438,0.0237884521484375
outdoorsbalcony2_6,28,1,48,-20,-13.304146766662598,6.695853233337402
outdoorsbalcony2_6,28,2,35,-7,-2.7361037731170654,4.2638959884643555
outdoorsbalcony2_6,28,3,32,-4,-2.5555038452148438,1.4444961547851562
outdoorsbalcony2_7,26,1,46,-20,-15.31029987335205,4.689700126647949
outdoorsbalcony2_7,26,2,31,-5,-6.920553684234619,1.9205536842346191
outdoorsbalcony2_8,25,1,45,-20,-18.710573196411133,1.2894268035888672
outdoorsbalcony2_9,27,1,47,-20,-11.77678394317627,8.22321605682373
outdoorsbalcony2_9,27,2,35,-8,-9.298474311828613,1.2984743118286133
outdoorsfossils_3,23,1,43,-20,-18.550268173217773,1.4497318267822266
outdoorsfossils_5,21,1,41,-20,-12.627358436584473,7.372641563415527
outdoorsfossils_5,21,2,28,-7,-11.102425575256348,4.102425575256348
outdoorsfossils_5,21,3,17,4,-10.49123764038086,14.49123764038086
outdoorsfossils_5,21,4,7,14,10.20730972290039,3.7926902770996094
outdoorsfossils_5,21,5,17,4,4.855167388916016,0.8551673889160156
outdoorsfossils_6,24,1,44,-20,-17.484350204467773,2.5156497955322266
outdoorsfossils_7,23,1,43,-20,-22.285348892211914,2.285348892211914
outdoorsfossils_8,24,1,44,-20,-12.86359691619873,7.1364030838012695
outdoorsfossils_8,24,2,31,-7,-10.547858238220215,3.547858238220215
outdoorsfossils_8,24,3,20,4,4.591233730316162,0.5912337303161621
outdoorsfossils_9,25,1,45,-20,-19.749923706054688,0.2500762939453125
outdoorsplants_0,40,1,48,-8,-10.866750717163086,2.866750717163086
outdoorsplants_1,42,1,48,-6,-3.0063860416412354,2.9936139583587646
outdoorsplants_2,25,1,45,-20,-20.778615951538086,0.7786159515380859
outdoorsplants_3,23,1,43,-20,-18.097572326660156,1.9024276733398438
outdoorsplants_6,26,1,46,-20,-16.01336669921875,3.98663330078125
outdoorsplants_6,26,2,30,-4,-10.699045181274414,6.699045181274414
outdoorsplants_6,26,3,19,7,10.120381355285645,3.1203813552856445
outdoorsplants_6,26,4,29,-3,-4.615571975708008,1.6155719757080078
outdoorsplants_7,22,1,42,-20,-13.609519958496094,6.390480041503906
outdoorsplants_7,22,2,28,-6,1.7824739217758179,7.782474040985107
outdoorsplants_7,22,3,30,-8,-11.9703950881958,3.970395088195801
outdoorsplants_7,22,4,18,4,3.586524486541748,0.41347551345825195
outdoorsplants_8,20,1,40,-20,-17.12413787841797,2.8758621215820312
outdoorsplants_9,22,1,42,-20,-25.71748924255371,5.717489242553711
outdoorsplants_9,22,2,16,6,3.167140483856201,2.832859516143799
photobox1_0,23,1,43,-20,-16.281768798828125,3.718231201171875
photobox1_0,23,2,27,-4,-4.021150588989258,0.021150588989257812
photobox1_1,22,1,42,-20,-17.392499923706055,2.6075000762939453
photobox1_2,22,1,42,-20,-19.408151626586914,0.5918483734130859
photobox1_3,23,1,43,-20,-17.688846588134766,2.3111534118652344
photobox1_4,22,1,42,-20,-18.875762939453125,1.124237060546875
photobox1_5,23,1,43,-20,-21.282461166381836,1.282461166381836
photobox1_6,24,1,44,-20,-15.022522926330566,4.977477073669434
photobox1_6,24,2,29,-5,-3.5488204956054688,1.4511795043945312
photobox1_7,23,1,43,-20,-24.2963924407959,4.296392440795898
photobox1_7,23,2,19,4,6.705812931060791,2.705812931060791
