filename,CorrectPosition,focus_time,index,label,pred,loss
home1_0,29,1,39,-10,5.414785861968994,15.414785385131836
home1_0,29,2,44,-15,-10.286381721496582,4.713618278503418
home1_1,23,1,33,-10,-9.803433418273926,0.19656658172607422
home1_2,37,1,47,-10,2.2152810096740723,12.215280532836914
home1_2,37,2,48,-11,-5.660490989685059,5.339509010314941
home1_2,37,3,42,-5,-3.0179502964019775,1.9820497035980225
home1_3,32,1,42,-10,-6.668883800506592,3.331116199493408
home1_4,47,1,48,-1,-5.967987060546875,4.967987060546875
home1_5,47,1,48,-1,-3.401848554611206,2.401848554611206
home1_6,34,1,44,-10,-6.608140468597412,3.391859531402588
home1_8,29,1,39,-10,-2.316385507583618,7.683614730834961
home1_8,29,2,37,-8,-5.888440132141113,2.1115598678588867
home1_9,26,1,36,-10,-6.295268535614014,3.7047314643859863
home2_0,38,1,48,-10,-10.052081108093262,0.05208110809326172
home2_2,43,1,48,-5,1.6368972063064575,6.636897087097168
home2_2,43,2,48,-5,-0.315655380487442,4.68434476852417
home2_3,31,1,41,-10,-0.14748457074165344,9.85251522064209
home2_3,31,2,41,-10,7.0609869956970215,17.06098747253418
home2_3,31,3,48,-17,6.016413688659668,23.016414642333984
home2_3,31,4,48,-17,4.872251510620117,21.872251510620117
home2_3,31,5,48,-17,4.770711421966553,21.77071189880371
home2_3,31,6,48,-17,2.2366533279418945,19.236652374267578
home2_3,31,7,48,-17,4.593057632446289,21.59305763244629
home2_4,34,1,44,-10,3.056955337524414,13.056955337524414
home2_4,34,2,47,-13,-0.8016406893730164,12.198359489440918
home2_4,34,3,46,-12,-1.6003727912902832,10.399627685546875
home2_4,34,4,44,-10,-3.7420308589935303,6.257968902587891
home2_4,34,5,40,-6,6.790655612945557,12.790655136108398
home2_4,34,6,47,-13,0.36644813418388367,13.366448402404785
home2_4,34,7,47,-13,-0.8341600894927979,12.165840148925781
home2_5,30,1,40,-10,-0.9790460467338562,9.020954132080078
home2_5,30,2,39,-9,4.03983211517334,13.03983211517334
home2_5,30,3,43,-13,3.9101290702819824,16.91012954711914
home2_5,30,4,47,-17,-1.4442968368530273,15.555703163146973
home2_5,30,5,46,-16,1.2691121101379395,17.26911163330078
home2_5,30,6,47,-17,-0.7953734993934631,16.204626083374023
home2_5,30,7,46,-16,-1.402852177619934,14.597147941589355
home2_6,29,1,39,-10,-4.486856460571289,5.513143539428711
home2_6,29,2,35,-6,1.3552614450454712,7.355261325836182
home2_6,29,3,36,-7,2.555450677871704,9.555450439453125
home2_6,29,4,39,-10,-3.8323814868927,6.167618751525879
home2_6,29,5,35,-6,0.0333496630191803,6.033349514007568
home2_6,29,6,35,-6,-0.6025473475456238,5.3974528312683105
home2_6,29,7,34,-5,1.1414835453033447,6.141483306884766
home2_7,34,1,44,-10,2.2786622047424316,12.278661727905273
home2_7,34,2,46,-12,6.3103413581848145,18.310340881347656
home2_7,34,3,48,-14,2.4093122482299805,16.409313201904297
home2_7,34,4,48,-14,2.87892484664917,16.878925323486328
home2_7,34,5,48,-14,2.743011713027954,16.743011474609375
home2_7,34,6,48,-14,6.4063262939453125,20.406326293945312
home2_7,34,7,48,-14,2.9089958667755127,16.90899658203125
home2_9,30,1,40,-10,-6.8004889488220215,3.1995110511779785
microkitchen1_0,21,1,31,-10,-4.229119300842285,5.770880699157715
microkitchen1_0,21,2,27,-6,-4.835229396820068,1.1647706031799316
microkitchen1_1,21,1,31,-10,-13.609502792358398,3.6095027923583984
microkitchen1_2,21,1,31,-10,-13.028029441833496,3.028029441833496
microkitchen1_3,24,1,34,-10,-9.629692077636719,0.37030792236328125
microkitchen1_4,25,1,35,-10,-5.803836345672607,4.196163654327393
microkitchen1_5,25,1,35,-10,-9.7772855758667,0.22271442413330078
microkitchen1_6,25,1,35,-10,-7.213294506072998,2.786705493927002
microkitchen1_7,20,1,30,-10,-6.483824729919434,3.5161752700805664
microkitchen1_8,29,1,39,-10,-3.2190356254577637,6.780964374542236
microkitchen1_8,29,2,36,-7,-5.6680803298950195,1.3319196701049805
microkitchen1_9,19,1,29,-10,-14.734615325927734,4.734615325927734
pillowroom1_0,25,1,35,-10,6.663984775543213,16.663984298706055
pillowroom1_0,25,2,42,-17,5.845844268798828,22.845844268798828
pillowroom1_0,25,3,48,-23,-1.7773027420043945,21.222698211669922
pillowroom1_0,25,4,46,-21,-1.2824623584747314,19.71753692626953
pillowroom1_0,25,5,45,-20,4.959812641143799,24.95981216430664
pillowroom1_0,25,6,48,-23,-0.6113590002059937,22.388641357421875
pillowroom1_0,25,7,47,-22,1.9179463386535645,23.917945861816406
pillowroom1_6,27,1,37,-10,-3.940079689025879,6.059920310974121
pillowroom1_6,27,2,33,-6,3.8173224925994873,9.817322731018066
pillowroom1_6,27,3,37,-10,-2.6426103115081787,7.357389450073242
pillowroom1_6,27,4,34,-7,-3.666553020477295,3.333446979522705
pillowroom1_7,36,1,46,-10,-4.550313472747803,5.449686527252197
pillowroom1_7,36,2,41,-5,6.952114582061768,11.95211410522461
pillowroom1_7,36,3,48,-12,-7.015776634216309,4.984223365783691
pillowroom1_8,34,1,44,-10,-10.103835105895996,0.1038351058959961
pillowroom1_9,21,1,31,-10,-2.5683581829071045,7.431641578674316
pillowroom1_9,21,2,28,-7,-5.346391677856445,1.6536083221435547
secondfloorgames_0,20,1,30,-10,-5.666529655456543,4.333470344543457
secondfloorgames_1,24,1,34,-10,12.056273460388184,22.0562744140625
secondfloorgames_1,24,2,46,-22,-0.2615465819835663,21.738452911376953
secondfloorgames_1,24,3,46,-22,11.911823272705078,33.91182327270508
secondfloorgames_1,24,4,48,-24,-5.858890533447266,18.141109466552734
secondfloorgames_1,24,5,42,-18,3.6230599880218506,21.62306022644043
secondfloorgames_1,24,6,46,-22,19.48722267150879,41.487220764160156
secondfloorgames_1,24,7,48,-24,20.79680824279785,44.79680633544922
secondfloorgames_2,30,1,40,-10,-22.546463012695312,12.546463012695312
secondfloorgames_2,30,2,17,13,6.089663028717041,6.910336971282959
secondfloorgames_2,30,3,23,7,1.0147942304611206,5.98520565032959
secondfloorgames_2,30,4,24,6,-5.027424335479736,11.027423858642578
secondfloorgames_2,30,5,19,11,5.984625339508057,5.015374660491943
secondfloorgames_2,30,6,25,5,3.392975330352783,1.6070246696472168
secondfloorgames_3,23,1,33,-10,-2.851449728012085,7.148550033569336
secondfloorgames_3,23,2,30,-7,-5.204559326171875,1.795440673828125
secondfloorgames_4,22,1,32,-10,-6.204219341278076,3.795780658721924
secondfloorgames_5,24,1,34,-10,-2.3973891735076904,7.6026105880737305
secondfloorgames_5,24,2,32,-8,-27.821359634399414,19.821359634399414
secondfloorgames_5,24,3,4,20,15.707795143127441,4.292204856872559
secondfloorgames_6,19,1,29,-10,5.501501560211182,15.501501083374023
secondfloorgames_6,19,2,35,-16,-9.71253490447998,6.2874650955200195
secondfloorgames_6,19,3,25,-6,2.2692956924438477,8.269295692443848
secondfloorgames_6,19,4,27,-8,7.875241279602051,15.87524127960205
secondfloorgames_6,19,5,35,-16,0.40276387333869934,16.40276336669922
secondfloorgames_6,19,6,35,-16,15.30298137664795,31.302982330322266
secondfloorgames_6,19,7,48,-29,-12.659355163574219,16.34064483642578
secondfloorgames_7,20,1,30,-10,-13.367351531982422,3.367351531982422
secondfloorgames_8,23,1,33,-10,-5.62285852432251,4.37714147567749
apt1_0,25,1,35,-10,-9.617308616638184,0.3826913833618164
apt1_1,21,1,31,-10,-12.515711784362793,2.515711784362793
apt1_2,24,1,34,-10,-16.000577926635742,6.000577926635742
apt1_2,24,2,18,6,-1.3657951354980469,7.365795135498047
apt1_2,24,3,17,7,-1.8623260259628296,8.862325668334961
apt1_2,24,4,15,9,0.36784225702285767,8.632157325744629
apt1_2,24,5,15,9,-1.810832142829895,10.810832023620605
apt1_2,24,6,13,11,0.6619464159011841,10.338053703308105
apt1_2,24,7,14,10,-1.3780972957611084,11.378097534179688
apt1_3,25,1,35,-10,-8.744364738464355,1.2556352615356445
apt1_4,23,1,33,-10,4.521506309509277,14.521506309509277
apt1_4,23,2,38,-15,2.870465040206909,17.870464324951172
apt1_4,23,3,41,-18,5.19629430770874,23.1962947845459
apt1_4,23,4,46,-23,2.001335859298706,25.00133514404297
apt1_4,23,5,48,-25,2.802525281906128,27.80252456665039
apt1_4,23,6,48,-25,2.9570841789245605,27.95708465576172
apt1_4,23,7,48,-25,2.8459672927856445,27.845966339111328
apt1_5,22,1,32,-10,3.3230626583099365,13.323062896728516
apt1_5,22,2,35,-13,2.5018129348754883,15.501812934875488
apt1_5,22,3,38,-16,1.897793173789978,17.89779281616211
apt1_5,22,4,40,-18,3.8757059574127197,21.87570571899414
apt1_5,22,5,44,-22,-0.08607102185487747,21.913928985595703
apt1_5,22,6,44,-22,-1.2596622705459595,20.740337371826172
apt1_5,22,7,43,-21,5.09772253036499,26.09772300720215
apt1_6,20,1,30,-10,-14.08273696899414,4.082736968994141
apt1_7,20,1,30,-10,-15.009803771972656,5.009803771972656
apt1_7,20,2,15,5,-0.9760372638702393,5.97603702545166
apt1_7,20,3,14,6,3.892383098602295,2.107616901397705
apt1_8,31,1,41,-10,-12.34061050415039,2.3406105041503906
apt1_9,20,1,30,-10,-19.8173770904541,9.817377090454102
apt1_9,20,2,10,10,8.90900707244873,1.0909929275512695
apt2_0,41,1,48,-7,-1.0717260837554932,5.928274154663086
apt2_0,41,2,47,-6,-1.4411770105361938,4.558823108673096
apt2_1,20,1,30,-10,-4.0650410652160645,5.9349589347839355
apt2_1,20,2,26,-6,1.123534917831421,7.12353515625
apt2_1,20,3,27,-7,-3.7349183559417725,3.2650816440582275
apt2_2,23,1,33,-10,-1.8267861604690552,8.173213958740234
apt2_2,23,2,31,-8,-1.6647977828979492,6.335202217102051
apt2_2,23,3,29,-6,5.8822407722473145,11.882240295410156
apt2_2,23,4,35,-12,-8.456831932067871,3.543168067932129
apt2_3,26,1,36,-10,7.084504127502441,17.084503173828125
apt2_3,26,2,43,-17,-0.9087512493133545,16.091249465942383
apt2_3,26,3,42,-16,-6.5332136154174805,9.46678638458252
apt2_3,26,4,35,-9,-5.729905605316162,3.270094394683838
apt2_4,23,1,33,-10,-9.445128440856934,0.5548715591430664
apt2_5,26,1,36,-10,-2.5880014896392822,7.411998748779297
apt2_5,26,2,33,-7,-2.5188159942626953,4.481184005737305
apt2_6,23,1,33,-10,-0.11531025916337967,9.884689331054688
apt2_6,23,2,33,-10,6.720146179199219,16.72014617919922
apt2_6,23,3,40,-17,-7.785161972045898,9.214838027954102
apt2_6,23,4,32,-9,-0.7229938507080078,8.277006149291992
apt2_6,23,5,31,-8,-5.357222080230713,2.642777919769287
apt2_7,31,1,41,-10,-6.778891086578369,3.221108913421631
apt2_8,40,1,48,-8,-1.3506035804748535,6.6493964195251465
apt2_8,40,2,47,-7,-4.3139824867248535,2.6860175132751465
apt2_9,24,1,34,-10,11.837237358093262,21.837238311767578
apt2_9,24,2,46,-22,-3.2309091091156006,18.76909065246582
apt2_9,24,3,43,-19,-6.267632007598877,12.732368469238281
apt2_9,24,4,37,-13,-4.807103633880615,8.192895889282227
apt2_9,24,5,32,-8,-1.5907506942749023,6.409249305725098
apt2_9,24,6,30,-6,1.7580022811889648,7.758002281188965
apt2_9,24,7,32,-8,-0.11535496264696121,7.884644985198975
books_0,27,1,37,-10,-10.96434211730957,0.9643421173095703
books_1,26,1,36,-10,3.7902417182922363,13.790241241455078
books_1,26,2,40,-14,-3.603755235671997,10.396245002746582
books_1,26,3,36,-10,-3.173623561859131,6.826376438140869
books_1,26,4,33,-7,-6.4063310623168945,0.5936689376831055
books_2,22,1,32,-10,0.1855873018503189,10.185586929321289
books_2,22,2,32,-10,-2.6935360431671143,7.306464195251465
books_2,22,3,29,-7,-5.704659461975098,1.2953405380249023
books_3,23,1,33,-10,-9.188324928283691,0.8116750717163086
books_4,24,1,34,-10,-1.9210957288742065,8.078904151916504
books_4,24,2,32,-8,-10.522659301757812,2.5226593017578125
books_5,22,1,32,-10,-8.180000305175781,1.8199996948242188
books_6,20,1,30,-10,-3.685939311981201,6.314060688018799
books_6,20,2,26,-6,-2.006089687347412,3.993910312652588
books_7,26,1,36,-10,3.2811784744262695,13.28117847442627
books_7,26,2,39,-13,2.9394822120666504,15.939481735229492
books_7,26,3,42,-16,5.0700764656066895,21.07007598876953
books_7,26,4,47,-21,3.988668441772461,24.98866844177246
books_7,26,5,48,-22,4.321460723876953,26.321460723876953
books_7,26,6,48,-22,4.407497882843018,26.40749740600586
books_7,26,7,48,-22,4.293115615844727,26.293115615844727
books_8,23,1,33,-10,1.6120243072509766,11.612024307250977
books_8,23,2,35,-12,4.5154290199279785,16.51542854309082
books_8,23,3,40,-17,3.702489137649536,20.702489852905273
books_8,23,4,44,-21,3.99214506149292,24.992145538330078
books_8,23,5,48,-25,4.784358501434326,29.784358978271484
books_8,23,6,48,-25,3.7205569744110107,28.720556259155273
books_8,23,7,48,-25,1.5420494079589844,26.542049407958984
books_9,27,1,37,-10,-3.5124928951263428,6.487506866455078
books_9,27,2,33,-6,-2.230541467666626,3.769458532333374
bottles_0,22,1,32,-10,-17.16072654724121,7.160726547241211
bottles_0,22,2,15,7,4.35829496383667,2.64170503616333
bottles_1,23,1,33,-10,-10.963489532470703,0.9634895324707031
bottles_2,22,1,32,-10,-13.691596031188965,3.691596031188965
bottles_3,30,1,40,-10,6.328364849090576,16.328365325927734
bottles_3,30,2,46,-16,18.151931762695312,34.15193176269531
bottles_3,30,3,48,-18,20.555763244628906,38.555763244628906
bottles_3,30,4,48,-18,7.547824382781982,25.54782485961914
bottles_3,30,5,48,-18,5.141194820404053,23.14119529724121
bottles_3,30,6,48,-18,0.38022929430007935,18.380229949951172
bottles_3,30,7,48,-18,12.018610000610352,30.01861000061035
bottles_4,25,1,35,-10,-4.004138469696045,5.995861530303955
bottles_4,25,2,31,-6,-2.0939347743988037,3.9060652256011963
bottles_5,27,1,37,-10,-4.184390544891357,5.815609455108643
bottles_5,27,2,33,-6,-5.461929798126221,0.5380702018737793
bottles_6,27,1,37,-10,5.352509498596191,15.352509498596191
bottles_6,27,2,42,-15,4.017431735992432,19.017431259155273
bottles_6,27,3,46,-19,-2.021960735321045,16.978038787841797
bottles_6,27,4,44,-17,3.5896778106689453,20.589677810668945
bottles_6,27,5,48,-21,-13.843793869018555,7.156206130981445
bottles_6,27,6,34,-7,-6.341588020324707,0.658411979675293
bottles_7,27,1,37,-10,-11.870930671691895,1.8709306716918945
bottles_8,25,1,35,-10,-9.401043891906738,0.5989561080932617
campusoutdoors1_0,20,1,30,-10,-13.617987632751465,3.617987632751465
campusoutdoors1_1,20,1,30,-10,-17.626121520996094,7.626121520996094
campusoutdoors1_1,20,2,12,8,7.802035808563232,0.19796419143676758
campusoutdoors1_2,22,1,32,-10,-1.5836782455444336,8.416321754455566
campusoutdoors1_2,22,2,30,-8,-16.523759841918945,8.523759841918945
campusoutdoors1_2,22,3,13,9,7.640232563018799,1.3597674369812012
campusoutdoors1_3,20,1,30,-10,-14.590023040771484,4.590023040771484
campusoutdoors1_4,22,1,32,-10,-6.345427513122559,3.6545724868774414
campusoutdoors1_5,22,1,32,-10,-6.4551472663879395,3.5448527336120605
campusoutdoors1_6,27,1,37,-10,-4.595766067504883,5.404233932495117
campusoutdoors1_6,27,2,32,-5,2.9352869987487793,7.935286998748779
campusoutdoors1_6,27,3,35,-8,-3.4657161235809326,4.534283638000488
campusoutdoors1_8,19,1,29,-10,-8.069621086120605,1.9303789138793945
campusoutdoors1_9,19,1,29,-10,17.220523834228516,27.220523834228516
campusoutdoors1_9,19,2,46,-27,5.884455680847168,32.884456634521484
campusoutdoors1_9,19,3,48,-29,32.75911331176758,61.75911331176758
campusoutdoors1_9,19,4,48,-29,-3.33435320854187,25.665647506713867
campusoutdoors1_9,19,5,45,-26,0.18118159472942352,26.181180953979492
campusoutdoors1_9,19,6,45,-26,9.204792022705078,35.20479202270508
campusoutdoors1_9,19,7,48,-29,8.038199424743652,37.03820037841797
campusoutdoors2_0,20,1,30,-10,-5.555963516235352,4.444036483764648
campusoutdoors2_1,42,1,48,-6,-0.9615389704704285,5.038461208343506
campusoutdoors2_1,42,2,47,-5,10.189018249511719,15.189018249511719
campusoutdoors2_1,42,3,48,-6,0.730658233165741,6.730658054351807
campusoutdoors2_1,42,4,48,-6,-6.2138566970825195,0.21385669708251953
campusoutdoors2_3,31,1,41,-10,-11.271242141723633,1.2712421417236328
campusoutdoors2_4,29,1,39,-10,-3.870321035385132,6.129678726196289
campusoutdoors2_4,29,2,35,-6,-9.966164588928223,3.9661645889282227
campusoutdoors2_5,32,1,42,-10,-2.6783576011657715,7.3216423988342285
campusoutdoors2_5,32,2,39,-7,-7.845355987548828,0.8453559875488281
campusoutdoors2_6,22,1,32,-10,-3.3496296405792236,6.6503705978393555
campusoutdoors2_6,22,2,29,-7,20.426862716674805,27.426862716674805
campusoutdoors2_6,22,3,48,-26,4.806807518005371,30.806808471679688
campusoutdoors2_6,22,4,48,-26,9.028766632080078,35.02876663208008
campusoutdoors2_6,22,5,48,-26,12.655752182006836,38.65575408935547
campusoutdoors2_6,22,6,48,-26,-6.426095485687256,19.573904037475586
campusoutdoors2_6,22,7,42,-20,6.118093967437744,26.118093490600586
campusoutdoors2_7,23,1,33,-10,8.578925132751465,18.57892608642578
campusoutdoors2_7,23,2,42,-19,8.399419784545898,27.3994197845459
campusoutdoors2_7,23,3,48,-25,4.367502689361572,29.367502212524414
campusoutdoors2_7,23,4,48,-25,-3.7123196125030518,21.28767967224121
campusoutdoors2_7,23,5,44,-21,12.762228012084961,33.762229919433594
campusoutdoors2_7,23,6,48,-25,-6.962555408477783,18.037445068359375
campusoutdoors2_7,23,7,41,-18,8.032896041870117,26.032896041870117
campusoutdoors2_8,23,1,33,-10,-6.986876964569092,3.013123035430908
campusoutdoors2_9,25,1,35,-10,-7.5270819664001465,2.4729180335998535
fakeplants_0,24,1,34,-10,-4.787582874298096,5.212417125701904
fakeplants_0,24,2,29,-5,0.5164108276367188,5.516410827636719
fakeplants_0,24,3,30,-6,0.19336046278476715,6.193360328674316
fakeplants_0,24,4,30,-6,-3.950593948364258,2.049406051635742
fakeplants_1,21,1,31,-10,-14.13267993927002,4.1326799392700195
fakeplants_2,21,1,31,-10,-2.8767611980438232,7.123238563537598
fakeplants_2,21,2,28,-7,-6.101884365081787,0.8981156349182129
fakeplants_3,22,1,32,-10,2.1081619262695312,12.108161926269531
fakeplants_3,22,2,34,-12,-2.3889265060424805,9.61107349395752
fakeplants_3,22,3,32,-10,-1.4726340770721436,8.527365684509277
fakeplants_3,22,4,31,-9,-2.0802345275878906,6.919765472412109
fakeplants_3,22,5,29,-7,-0.7681037187576294,6.23189640045166
fakeplants_3,22,6,28,-6,4.1627888679504395,10.162788391113281
fakeplants_3,22,7,32,-10,0.1362767070531845,10.136276245117188
fakeplants_4,24,1,34,-10,-8.205360412597656,1.7946395874023438
fakeplants_5,21,1,31,-10,-1.9359369277954102,8.06406307220459
fakeplants_5,21,2,29,-8,-5.396140098571777,2.6038599014282227
fakeplants_6,21,1,31,-10,-15.560465812683105,5.5604658126831055
fakeplants_6,21,2,15,6,4.751610279083252,1.248389720916748
fakeplants_7,23,1,33,-10,8.556571006774902,18.55657196044922
fakeplants_7,23,2,42,-19,-7.955390930175781,11.044609069824219
fakeplants_7,23,3,34,-11,-2.708099842071533,8.291900634765625
fakeplants_7,23,4,31,-8,-4.582215309143066,3.4177846908569336
fakeplants_8,21,1,31,-10,-8.621773719787598,1.3782262802124023
fakeplants_9,21,1,31,-10,-6.825592041015625,3.174407958984375
garage2_0,22,1,32,-10,-11.31898307800293,1.3189830780029297
garage2_1,24,1,34,-10,-8.207403182983398,1.7925968170166016
garage2_2,31,1,41,-10,-2.8538877964019775,7.146112442016602
garage2_2,31,2,38,-7,2.98905611038208,9.989055633544922
garage2_2,31,3,41,-10,-1.1270884275436401,8.87291145324707
garage2_2,31,4,40,-9,1.285473108291626,10.285472869873047
garage2_2,31,5,41,-10,-7.232503890991211,2.767496109008789
garage2_4,24,1,34,-10,-7.878542423248291,2.121457576751709
garage2_6,26,1,36,-10,4.160848140716553,14.160848617553711
garage2_6,26,2,40,-14,-7.056046009063721,6.943953990936279
garage2_6,26,3,33,-7,-2.5755269527435303,4.424472808837891
garage2_7,24,1,34,-10,-5.380617618560791,4.619382381439209
garage2_8,21,1,31,-10,-3.52298903465271,6.477010726928711
garage2_8,21,2,27,-6,-8.426338195800781,2.4263381958007812
garage2_9,23,1,33,-10,-10.267404556274414,0.26740455627441406
garage_0,25,1,35,-10,-6.965145111083984,3.0348548889160156
garage_1,27,1,37,-10,4.738846778869629,14.738846778869629
garage_1,27,2,42,-15,0.9717481136322021,15.971748352050781
garage_1,27,3,43,-16,5.799537181854248,21.799537658691406
garage_1,27,4,48,-21,0.30424007773399353,21.30423927307129
garage_1,27,5,48,-21,5.927055835723877,26.92705535888672
garage_1,27,6,48,-21,4.629255771636963,25.629255294799805
garage_1,27,7,48,-21,2.1353118419647217,23.135311126708984
garage_3,22,1,32,-10,-2.917940378189087,7.082059860229492
garage_3,22,2,29,-7,-5.558475494384766,1.4415245056152344
garage_4,44,1,48,-4,-3.1697990894317627,0.8302009105682373
garage_6,27,1,37,-10,-4.857773303985596,5.142226696014404
garage_6,27,2,32,-5,-4.927474498748779,0.0725255012512207
garage_7,22,1,32,-10,-6.990036487579346,3.0099635124206543
garage_8,44,1,48,-4,-4.2916154861450195,0.29161548614501953
garage_9,20,1,30,-10,-7.168759346008301,2.831240653991699
hallway1_0,32,1,42,-10,-7.821984767913818,2.1780152320861816
hallway1_2,33,1,43,-10,-5.519211292266846,4.480788707733154
hallway1_3,26,1,36,-10,-3.1303749084472656,6.869625091552734
hallway1_3,26,2,33,-7,-2.475558042526245,4.524441719055176
hallway1_4,23,1,33,-10,-5.550507068634033,4.449492931365967
hallway1_5,22,1,32,-10,-6.081030368804932,3.9189696311950684
hallway1_6,22,1,32,-10,-8.965375900268555,1.0346240997314453
hallway1_7,37,1,47,-10,-13.64104175567627,3.6410417556762695
hallway2_0,29,1,39,-10,-0.19824491441249847,9.80175495147705
hallway2_0,29,2,39,-10,-4.012265682220459,5.987734317779541
hallway2_0,29,3,35,-6,0.814113438129425,6.814113616943359
hallway2_0,29,4,36,-7,8.274572372436523,15.274572372436523
hallway2_0,29,5,44,-15,-8.500901222229004,6.499098777770996
hallway2_0,29,6,35,-6,5.33632755279541,11.33632755279541
hallway2_0,29,7,40,-11,-9.236140251159668,1.763859748840332
hallway2_1,34,1,44,-10,3.697969675064087,13.697969436645508
hallway2_1,34,2,48,-14,1.3286566734313965,15.328657150268555
hallway2_1,34,3,48,-14,5.852635383605957,19.85263442993164
hallway2_1,34,4,48,-14,5.17213773727417,19.172138214111328
hallway2_1,34,5,48,-14,3.191544532775879,17.191543579101562
hallway2_1,34,6,48,-14,0.04535322263836861,14.045352935791016
hallway2_1,34,7,48,-14,5.798713207244873,19.79871368408203
hallway2_2,25,1,35,-10,2.898858070373535,12.898858070373535
hallway2_2,25,2,38,-13,-7.978399753570557,5.021600246429443
hallway2_2,25,3,30,-5,-3.4012391567230225,1.5987608432769775
meetingroom1_7,19,1,29,-10,27.21799659729004,37.217994689941406
meetingroom1_7,19,2,48,-29,10.38133716583252,39.3813362121582
meetingroom1_7,19,3,48,-29,15.11638069152832,44.11637878417969
meetingroom1_7,19,4,48,-29,-4.673659801483154,24.326339721679688
meetingroom1_7,19,5,43,-24,15.135353088378906,39.135353088378906
meetingroom1_7,19,6,48,-29,11.24666976928711,40.24666976928711
meetingroom1_7,19,7,48,-29,8.361366271972656,37.361366271972656
meetingroom1_8,21,1,31,-10,-6.691469669342041,3.308530330657959
meetingroom1_9,23,1,33,-10,-13.562490463256836,3.562490463256836
meetingroom2_0,27,1,37,-10,0.6849818229675293,10.684982299804688
meetingroom2_0,27,2,38,-11,-0.2568766474723816,10.743123054504395
meetingroom2_0,27,3,38,-11,1.1767483949661255,12.176748275756836
meetingroom2_0,27,4,39,-12,-3.392116069793701,8.60788345336914
meetingroom2_0,27,5,36,-9,7.555360794067383,16.555360794067383
meetingroom2_0,27,6,44,-17,-5.699603080749512,11.300396919250488
meetingroom2_0,27,7,38,-11,-0.8464424014091492,10.153557777404785
meetingroom2_1,23,1,33,-10,-6.785699367523193,3.2143006324768066
meetingroom2_2,24,1,34,-10,-5.650830268859863,4.349169731140137
meetingroom2_3,29,1,39,-10,-3.2659034729003906,6.734096527099609
meetingroom2_3,29,2,36,-7,-6.356901168823242,0.6430988311767578
meetingroom2_4,22,1,32,-10,-1.974983811378479,8.025015830993652
meetingroom2_4,22,2,30,-8,2.8720498085021973,10.872049331665039
meetingroom2_4,22,3,33,-11,-4.066184043884277,6.933815956115723
meetingroom2_4,22,4,29,-7,0.5066345930099487,7.506634712219238
meetingroom2_4,22,5,30,-8,5.678428649902344,13.678428649902344
meetingroom2_4,22,6,36,-14,-3.3168864250183105,10.683113098144531
meetingroom2_4,22,7,33,-11,-4.631662845611572,6.368337154388428
meetingroom2_5,24,1,34,-10,2.718372344970703,12.718372344970703
meetingroom2_5,24,2,37,-13,9.174945831298828,22.174945831298828
meetingroom2_5,24,3,46,-22,5.07861852645874,27.0786190032959
meetingroom2_5,24,4,48,-24,4.411137104034424,28.411136627197266
meetingroom2_5,24,5,48,-24,7.313034534454346,31.313034057617188
meetingroom2_5,24,6,48,-24,6.062222480773926,30.06222152709961
meetingroom2_5,24,7,48,-24,3.3541557788848877,27.354156494140625
meetingroom2_6,26,1,36,-10,-10.119072914123535,0.11907291412353516
meetingroom2_7,28,1,38,-10,-19.61043357849121,9.610433578491211
meetingroom2_7,28,2,18,10,10.771346092224121,0.7713460922241211
meetingroom2_8,28,1,38,-10,-6.008823394775391,3.9911766052246094
meetingroom2_9,31,1,41,-10,2.0960566997528076,12.096056938171387
meetingroom2_9,31,2,43,-12,-3.408381462097168,8.591618537902832
meetingroom2_9,31,3,40,-9,3.8999805450439453,12.899980545043945
meetingroom2_9,31,4,44,-13,-9.696413040161133,3.303586959838867
officecrawl1_0,26,1,36,-10,5.292290210723877,15.292289733886719
officecrawl1_0,26,2,41,-15,-0.15341228246688843,14.846588134765625
officecrawl1_0,26,3,41,-15,-1.95412278175354,13.045877456665039
officecrawl1_0,26,4,39,-13,-0.7634142637252808,12.23658561706543
officecrawl1_0,26,5,38,-12,4.395706653594971,16.395706176757812
officecrawl1_0,26,6,42,-16,-8.915372848510742,7.084627151489258
officecrawl1_0,26,7,33,-7,7.495412826538086,14.495412826538086
officecrawl1_1,36,1,46,-10,-2.8266637325286865,7.173336029052734
officecrawl1_1,36,2,43,-7,-5.071666240692139,1.9283337593078613
officecrawl1_2,26,1,36,-10,-5.906440734863281,4.093559265136719
officecrawl1_3,21,1,31,-10,-1.9951612949371338,8.004838943481445
officecrawl1_3,21,2,29,-8,0.7323135733604431,8.73231315612793
officecrawl1_3,21,3,30,-9,-3.1266469955444336,5.873353004455566
officecrawl1_3,21,4,27,-6,-4.230719089508057,1.7692809104919434
officecrawl1_4,31,1,41,-10,-5.436313629150391,4.563686370849609
officecrawl1_5,23,1,33,-10,-3.1152756214141846,6.8847246170043945
officecrawl1_5,23,2,30,-7,1.7733126878738403,8.77331256866455
officecrawl1_5,23,3,32,-9,-0.43700075149536133,8.562999725341797
officecrawl1_5,23,4,32,-9,-1.3397345542907715,7.6602654457092285
officecrawl1_5,23,5,31,-8,0.33372312784194946,8.333723068237305
officecrawl1_5,23,6,31,-8,-4.842861175537109,3.1571388244628906
officecrawl1_6,27,1,37,-10,0.14674530923366547,10.146745681762695
officecrawl1_6,27,2,37,-10,9.065529823303223,19.065528869628906
officecrawl1_6,27,3,46,-19,19.547605514526367,38.547607421875
officecrawl1_6,27,4,48,-21,16.672571182250977,37.672569274902344
officecrawl1_6,27,5,48,-21,14.039345741271973,35.039344787597656
officecrawl1_6,27,6,48,-21,1.8327561616897583,22.83275604248047
officecrawl1_6,27,7,48,-21,9.600166320800781,30.60016632080078
officecrawl1_7,20,1,30,-10,6.477462291717529,16.477462768554688
officecrawl1_7,20,2,36,-16,-3.518183946609497,12.481816291809082
officecrawl1_7,20,3,32,-12,-1.0616434812545776,10.938356399536133
officecrawl1_7,20,4,31,-11,2.5198416709899902,13.519842147827148
officecrawl1_7,20,5,34,-14,1.3164892196655273,15.316489219665527
officecrawl1_7,20,6,35,-15,-3.354440689086914,11.645559310913086
officecrawl1_7,20,7,32,-12,3.659224033355713,15.659223556518555
officecrawl1_8,32,1,42,-10,-9.11977481842041,0.8802251815795898
officecrawl1_9,33,1,43,-10,4.9798994064331055,14.979899406433105
officecrawl1_9,33,2,48,-15,-3.9220688343048096,11.07793140411377
officecrawl1_9,33,3,44,-11,-8.576793670654297,2.423206329345703
officecrawl2_0,31,1,41,-10,0.715624988079071,10.715624809265137
officecrawl2_0,31,2,42,-11,1.030414342880249,12.030414581298828
officecrawl2_0,31,3,43,-12,1.1831049919128418,13.18310546875
officecrawl2_0,31,4,44,-13,0.6191264390945435,13.619126319885254
officecrawl2_0,31,5,45,-14,1.4929882287979126,15.492988586425781
officecrawl2_0,31,6,46,-15,1.095415472984314,16.095415115356445
officecrawl2_0,31,7,47,-16,-0.5172936320304871,15.482706069946289
officecrawl2_1,24,1,34,-10,-8.021495819091797,1.9785041809082031
officecrawl2_2,48,1,48,0,0.005823538638651371,0.005823538638651371
officecrawl2_3,42,1,48,-6,-2.5684871673583984,3.4315128326416016
officecrawl2_4,24,1,34,-10,6.801102638244629,16.801101684570312
officecrawl2_4,24,2,41,-17,5.961207389831543,22.96120834350586
officecrawl2_4,24,3,47,-23,-2.232100248336792,20.767900466918945
officecrawl2_4,24,4,45,-21,-0.23790913820266724,20.7620906829834
officecrawl2_4,24,5,45,-21,-10.117120742797852,10.882879257202148
officecrawl2_4,24,6,35,-11,5.200291156768799,16.20029067993164
officecrawl2_4,24,7,40,-16,-3.997652292251587,12.002347946166992
officecrawl2_6,28,1,38,-10,-2.732006072998047,7.267993927001953
officecrawl2_6,28,2,35,-7,2.3575191497802734,9.357519149780273
officecrawl2_6,28,3,37,-9,-2.7622361183166504,6.23776388168335
officecrawl2_6,28,4,34,-6,-1.1217595338821411,4.878240585327148
officecrawl2_7,33,1,43,-10,-11.179084777832031,1.1790847778320312
officecrawl2_8,22,1,32,-10,-9.80893325805664,0.19106674194335938
officecrawl2_9,27,1,37,-10,6.771635055541992,16.771635055541992
officecrawl2_9,27,2,44,-17,8.860840797424316,25.86083984375
officecrawl2_9,27,3,48,-21,8.479569435119629,29.479568481445312
officecrawl2_9,27,4,48,-21,7.036374092102051,28.036373138427734
officecrawl2_9,27,5,48,-21,8.297351837158203,29.297351837158203
officecrawl2_9,27,6,48,-21,7.859960079193115,28.859960556030273
officecrawl2_9,27,7,48,-21,7.758394718170166,28.758394241333008
officecrawl3_1,26,1,36,-10,-11.898429870605469,1.8984298706054688
officecrawl3_2,24,1,34,-10,6.712528228759766,16.712528228759766
officecrawl3_2,24,2,41,-17,-16.94638442993164,0.053615570068359375
officecrawl3_3,32,1,42,-10,-6.864558696746826,3.135441303253174
officecrawl3_4,20,1,30,-10,-3.196653366088867,6.803346633911133
officecrawl3_4,20,2,27,-7,-9.837606430053711,2.837606430053711
officecrawl3_5,27,1,37,-10,-0.3357231914997101,9.664277076721191
officecrawl3_5,27,2,37,-10,3.858222723007202,13.858222961425781
officecrawl3_5,27,3,41,-14,-4.780378818511963,9.219621658325195
officecrawl3_5,27,4,36,-9,-2.397127151489258,6.602872848510742
officecrawl3_5,27,5,34,-7,-2.374257802963257,4.625741958618164
officecrawl3_6,26,1,36,-10,-7.62945032119751,2.3705496788024902
officecrawl3_7,28,1,38,-10,2.739725351333618,12.739725112915039
officecrawl3_7,28,2,41,-13,-3.4341659545898438,9.565834045410156
officecrawl3_7,28,3,38,-10,-3.0983006954193115,6.901699066162109
officecrawl3_7,28,4,35,-7,2.454840898513794,9.454840660095215
officecrawl3_7,28,5,37,-9,-0.7709257006645203,8.229074478149414
officecrawl3_7,28,6,36,-8,0.3520263433456421,8.352025985717773
officecrawl3_7,28,7,36,-8,1.8470239639282227,9.847023963928223
officecrawl3_8,19,1,29,-10,-10.175641059875488,0.17564105987548828
officecrawl3_9,25,1,35,-10,12.3668212890625,22.3668212890625
officecrawl3_9,25,2,47,-22,9.347874641418457,31.34787368774414
officecrawl3_9,25,3,48,-23,6.62274169921875,29.62274169921875
officecrawl3_9,25,4,48,-23,3.093942642211914,26.093942642211914
officecrawl3_9,25,5,48,-23,-12.137066841125488,10.862933158874512
officecrawl3_9,25,6,36,-11,12.782793045043945,23.782793045043945
officecrawl3_9,25,7,48,-23,4.057655334472656,27.057655334472656
officeroom1_0,27,1,37,-10,-17.324138641357422,7.324138641357422
officeroom1_0,27,2,20,7,14.158354759216309,7.158354759216309
officeroom1_0,27,3,34,-7,-7.407120227813721,0.4071202278137207
officeroom1_1,28,1,38,-10,-7.918435573577881,2.081564426422119
officeroom1_2,29,1,39,-10,-2.41044282913208,7.58955717086792
officeroom1_2,29,2,37,-8,-0.6391860246658325,7.360814094543457
officeroom1_2,29,3,36,-7,1.46237051486969,8.462370872497559
officeroom1_2,29,4,37,-8,-4.525967597961426,3.474032402038574
officeroom1_3,29,1,39,-10,-7.76102876663208,2.23897123336792
officeroom1_4,21,1,31,-10,-15.771960258483887,5.771960258483887
officeroom1_4,21,2,15,6,3.7113733291625977,2.2886266708374023
officeroom1_5,22,1,32,-10,-0.21248643100261688,9.787513732910156
officeroom1_5,22,2,32,-10,-1.308071494102478,8.69192886352539
officeroom1_5,22,3,31,-9,-3.937201976776123,5.062798023223877
officeroom1_5,22,4,27,-5,1.0245158672332764,6.0245161056518555
officeroom1_5,22,5,28,-6,5.707277297973633,11.707277297973633
officeroom1_5,22,6,34,-12,-1.2095869779586792,10.790412902832031
officeroom1_5,22,7,33,-11,-3.576645851135254,7.423354148864746
officeroom1_6,22,1,32,-10,-8.327199935913086,1.672800064086914
officeroom1_7,22,1,32,-10,-1.10097074508667,8.899028778076172
officeroom1_7,22,2,31,-9,-4.238830089569092,4.761169910430908
officeroom1_8,22,1,32,-10,-5.472548961639404,4.527451038360596
officeroom1_9,27,1,37,-10,7.137731075286865,17.137731552124023
officeroom1_9,27,2,44,-17,2.765676975250244,19.765676498413086
officeroom1_9,27,3,47,-20,-38.669189453125,18.669189453125
officeroom1_9,27,4,8,19,39.0667839050293,20.066783905029297
officeroom1_9,27,5,47,-20,-13.213919639587402,6.786080360412598
officeroom1_9,27,6,34,-7,-12.867105484008789,5.867105484008789
officeroom1_9,27,7,21,6,17.27440071105957,11.27440071105957
officetrashshadows_1,34,1,44,-10,2.03511643409729,12.035116195678711
officetrashshadows_1,34,2,46,-12,2.548016309738159,14.548016548156738
officetrashshadows_1,34,3,48,-14,3.903181791305542,17.903181076049805
officetrashshadows_1,34,4,48,-14,-2.2942419052124023,11.705758094787598
officetrashshadows_1,34,5,46,-12,0.9895457625389099,12.989545822143555
officetrashshadows_1,34,6,47,-13,3.485638380050659,16.485637664794922
officetrashshadows_1,34,7,48,-14,3.2823662757873535,17.282365798950195
officetrashshadows_2,23,1,33,-10,2.9112014770507812,12.911201477050781
officetrashshadows_2,23,2,36,-13,-0.7147719264030457,12.28522777557373
officetrashshadows_2,23,3,35,-12,2.8193960189819336,14.819396018981934
officetrashshadows_2,23,4,38,-15,3.302823781967163,18.302824020385742
officetrashshadows_2,23,5,41,-18,1.8340877294540405,19.834087371826172
officetrashshadows_2,23,6,43,-20,3.8969104290008545,23.896909713745117
officetrashshadows_2,23,7,47,-24,5.224052906036377,29.22405242919922
officetrashshadows_3,27,1,37,-10,-11.365735054016113,1.3657350540161133
officetrashshadows_4,36,1,46,-10,-0.9347599744796753,9.065239906311035
officetrashshadows_4,36,2,45,-9,-4.502440452575684,4.497559547424316
officetrashshadows_5,39,1,48,-9,-3.548051595687866,5.451948165893555
officetrashshadows_5,39,2,44,-5,-5.67943811416626,0.6794381141662598
officetrashshadows_6,37,1,47,-10,-2.0119950771331787,7.988004684448242
officetrashshadows_6,37,2,45,-8,-4.919630527496338,3.080369472503662
officetrashshadows_8,25,1,35,-10,-3.9843332767486572,6.015666961669922
officetrashshadows_8,25,2,31,-6,-2.430579900741577,3.569420099258423
officetrashshadows_9,27,1,37,-10,-11.634636878967285,1.6346368789672852
officetrash_0,26,1,36,-10,-8.557427406311035,1.4425725936889648
officetrash_1,23,1,33,-10,-11.599770545959473,1.5997705459594727
officetrash_2,25,1,35,-10,-6.217204570770264,3.7827954292297363
officetrash_4,33,1,43,-10,-9.179060935974121,0.8209390640258789
officetrash_5,32,1,42,-10,-7.073113441467285,2.926886558532715
officetrash_6,24,1,34,-10,-7.748608112335205,2.251391887664795
officetrash_7,31,1,41,-10,-4.0745697021484375,5.9254302978515625
officetrash_7,31,2,37,-6,-5.086758136749268,0.9132418632507324
officetrash_8,25,1,35,-10,-6.329678535461426,3.670321464538574
outdoorsbalcony1_0,24,1,34,-10,-7.106048583984375,2.893951416015625
outdoorsbalcony1_1,23,1,33,-10,10.761713027954102,20.7617130279541
outdoorsbalcony1_1,23,2,44,-21,-8.143510818481445,12.856489181518555
outdoorsbalcony1_1,23,3,36,-13,10.881805419921875,23.881805419921875
outdoorsbalcony1_1,23,4,47,-24,-8.175190925598145,15.824809074401855
outdoorsbalcony1_1,23,5,39,-16,-12.714603424072266,3.2853965759277344
outdoorsbalcony1_2,33,1,43,-10,14.297059059143066,24.29705810546875
outdoorsbalcony1_2,33,2,48,-15,-4.234436988830566,10.765563011169434
outdoorsbalcony1_2,33,3,44,-11,-0.31851544976234436,10.68148422241211
outdoorsbalcony1_2,33,4,44,-11,0.009591723792254925,11.009592056274414
outdoorsbalcony1_2,33,5,44,-11,2.7079997062683105,13.708000183105469
outdoorsbalcony1_2,33,6,47,-14,9.807465553283691,23.807464599609375
outdoorsbalcony1_2,33,7,48,-15,8.237123489379883,23.237123489379883
outdoorsbalcony1_3,44,1,48,-4,-5.317722797393799,1.3177227973937988
outdoorsbalcony1_4,29,1,39,-10,-4.701357364654541,5.298642635345459
outdoorsbalcony1_4,29,2,34,-5,-8.811714172363281,3.8117141723632812
outdoorsbalcony1_6,29,1,39,-10,4.168456077575684,14.168456077575684
outdoorsbalcony1_6,29,2,43,-14,-11.330256462097168,2.669743537902832
outdoorsbalcony1_9,38,1,48,-10,-14.839302062988281,4.839302062988281
outdoorsbalcony2_0,23,1,33,-10,-6.5260162353515625,3.4739837646484375
outdoorsbalcony2_1,27,1,37,-10,-14.641003608703613,4.641003608703613
outdoorsbalcony2_2,34,1,44,-10,4.624973773956299,14.62497329711914
outdoorsbalcony2_2,34,2,48,-14,-5.841034889221191,8.158965110778809
outdoorsbalcony2_2,34,3,42,-8,-1.6770182847976685,6.322981834411621
outdoorsbalcony2_2,34,4,40,-6,0.2709273099899292,6.270927429199219
outdoorsbalcony2_2,34,5,40,-6,-5.599767208099365,0.40023279190063477
outdoorsbalcony2_4,21,1,31,-10,-7.274961948394775,2.7250380516052246
outdoorsbalcony2_5,23,1,33,-10,-1.7690796852111816,8.230920791625977
outdoorsbalcony2_5,23,2,31,-8,-5.848825931549072,2.1511740684509277
outdoorsbalcony2_6,26,1,36,-10,-8.196271896362305,1.8037281036376953
outdoorsbalcony2_7,27,1,37,-10,-3.0301523208618164,6.969847679138184
outdoorsbalcony2_7,27,2,34,-7,-0.2207913100719452,6.779208660125732
outdoorsbalcony2_7,27,3,34,-7,-0.827445924282074,6.172554016113281
outdoorsbalcony2_7,27,4,33,-6,-0.9055975675582886,5.094402313232422
outdoorsbalcony2_7,27,5,32,-5,1.0220338106155396,6.02203369140625
outdoorsbalcony2_7,27,6,33,-6,-0.957651674747467,5.042348384857178
outdoorsbalcony2_7,27,7,32,-5,-0.9772427082061768,4.022757530212402
outdoorsbalcony2_8,24,1,34,-10,-12.105609893798828,2.105609893798828
outdoorsbalcony2_9,21,1,31,-10,-9.283834457397461,0.7161655426025391
outdoorsfossils_3,24,1,34,-10,-8.314763069152832,1.685236930847168
outdoorsfossils_5,25,1,35,-10,-6.226517677307129,3.773482322692871
outdoorsfossils_6,24,1,34,-10,-4.237719535827637,5.762280464172363
outdoorsfossils_6,24,2,30,-6,-1.0763499736785889,4.923649787902832
outdoorsfossils_7,23,1,33,-10,-5.738153457641602,4.261846542358398
outdoorsfossils_8,24,1,34,-10,-1.2925764322280884,8.707423210144043
outdoorsfossils_8,24,2,33,-9,-2.4780402183532715,6.5219597816467285
outdoorsfossils_8,24,3,31,-7,-1.3988683223724365,5.601131439208984
outdoorsfossils_8,24,4,30,-6,3.238598346710205,9.238597869873047
outdoorsfossils_8,24,5,33,-9,-6.049344539642334,2.950655460357666
outdoorsfossils_9,25,1,35,-10,-10.151660919189453,0.15166091918945312
outdoorsplants_0,37,1,47,-10,14.865038871765137,24.865039825439453
outdoorsplants_0,37,2,48,-11,-0.7476209998130798,10.252379417419434
outdoorsplants_0,37,3,47,-10,-11.934761047363281,1.9347610473632812
outdoorsplants_1,34,1,44,-10,15.139039039611816,25.1390380859375
outdoorsplants_1,34,2,48,-14,11.923620223999023,25.923620223999023
outdoorsplants_1,34,3,48,-14,17.788311004638672,31.788311004638672
outdoorsplants_1,34,4,48,-14,11.679957389831543,25.67995834350586
outdoorsplants_1,34,5,48,-14,9.690165519714355,23.690166473388672
outdoorsplants_1,34,6,48,-14,10.711623191833496,24.711624145507812
outdoorsplants_1,34,7,48,-14,15.659449577331543,29.65945053100586
outdoorsplants_2,32,1,42,-10,16.23927116394043,26.23927116394043
outdoorsplants_2,32,2,48,-16,11.844030380249023,27.844030380249023
outdoorsplants_2,32,3,48,-16,11.750402450561523,27.750402450561523
outdoorsplants_2,32,4,48,-16,11.795953750610352,27.79595375061035
outdoorsplants_2,32,5,48,-16,9.883974075317383,25.883974075317383
outdoorsplants_2,32,6,48,-16,10.800381660461426,26.80038070678711
outdoorsplants_2,32,7,48,-16,10.456811904907227,26.456811904907227
outdoorsplants_3,23,1,33,-10,-8.673187255859375,1.326812744140625
outdoorsplants_6,25,1,35,-10,-9.781065940856934,0.2189340591430664
outdoorsplants_7,19,1,29,-10,-5.471026420593262,4.528973579406738
outdoorsplants_8,20,1,30,-10,-11.063531875610352,1.0635318756103516
outdoorsplants_9,23,1,33,-10,-0.3774993419647217,9.6225004196167
outdoorsplants_9,23,2,33,-10,3.1177046298980713,13.117704391479492
outdoorsplants_9,23,3,36,-13,-1.7146824598312378,11.285317420959473
outdoorsplants_9,23,4,34,-11,0.7244231104850769,11.7244234085083
outdoorsplants_9,23,5,35,-12,0.7459745407104492,12.74597454071045
outdoorsplants_9,23,6,36,-13,-1.961921215057373,11.038078308105469
outdoorsplants_9,23,7,34,-11,1.6907706260681152,12.690771102905273
photobox1_0,22,1,32,-10,-6.141814708709717,3.858185291290283
photobox1_1,22,1,32,-10,-3.7946722507476807,6.205327987670898
photobox1_1,22,2,28,-6,-7.358501434326172,1.3585014343261719
photobox1_2,22,1,32,-10,-7.776898384094238,2.2231016159057617
photobox1_3,23,1,33,-10,-9.400768280029297,0.5992317199707031
photobox1_4,21,1,31,-10,-2.516982316970825,7.483017921447754
photobox1_4,21,2,28,-7,-5.943929672241211,1.056070327758789
photobox1_5,22,1,32,-10,-5.307066917419434,4.692933082580566
photobox1_6,23,1,33,-10,7.1398186683654785,17.13981819152832
photobox1_6,23,2,40,-17,8.848776817321777,25.848777770996094
photobox1_6,23,3,48,-25,0.01825721003115177,25.01825714111328
photobox1_6,23,4,48,-25,8.038721084594727,33.038719177246094
photobox1_6,23,5,48,-25,-0.4762905538082123,24.523710250854492
photobox1_6,23,6,48,-25,1.202134609222412,26.20213508605957
photobox1_6,23,7,48,-25,5.512545585632324,30.51254653930664
photobox1_7,22,1,32,-10,-6.315874099731445,3.6841259002685547
photobox1_8,22,1,32,-10,-1.4945518970489502,8.505448341369629
photobox1_8,22,2,31,-9,-2.0068769454956055,6.9931230545043945
photobox1_8,22,3,29,-7,-2.795142889022827,4.204856872558594
photobox1_9,26,1,36,-10,-10.880825996398926,0.8808259963989258
photobox2_0,23,1,33,-10,7.28528356552124,17.2852840423584
photobox2_0,23,2,40,-17,3.967118263244629,20.967117309570312
photobox2_0,23,3,44,-21,-0.7428257465362549,20.257173538208008
photobox2_0,23,4,43,-20,3.724592685699463,23.724592208862305
photobox2_0,23,5,47,-24,4.484577655792236,28.484577178955078
photobox2_0,23,6,48,-25,-7.280928611755371,17.719070434570312
photobox2_0,23,7,41,-18,2.6554758548736572,20.655475616455078
photobox2_1,23,1,33,-10,-8.612105369567871,1.387894630432129
photobox2_2,23,1,33,-10,-10.742429733276367,0.7424297332763672
photobox2_3,23,1,33,-10,1.2063826322555542,11.206382751464844
photobox2_3,23,2,34,-11,-14.458702087402344,3.4587020874023438
photobox2_4,24,1,34,-10,-6.538353443145752,3.461646556854248
photobox2_5,26,1,36,-10,-2.5061824321746826,7.493817329406738
photobox2_5,26,2,33,-7,-2.9349775314331055,4.0650224685668945
photobox2_6,22,1,32,-10,-9.373663902282715,0.6263360977172852
photobox2_7,22,1,32,-10,-10.43506145477295,0.4350614547729492
photobox2_8,29,1,39,-10,-8.067061424255371,1.932938575744629
photobox2_9,23,1,33,-10,-7.671126365661621,2.328873634338379
randomsurplus_0,19,1,29,-10,-27.925527572631836,17.925527572631836
randomsurplus_0,19,2,1,18,-2.817308187484741,20.81730842590332
randomsurplus_0,19,3,0,19,13.4017972946167,5.598202705383301
randomsurplus_0,19,4,13,6,20.8183650970459,14.818365097045898
randomsurplus_0,19,5,34,-15,2.4271044731140137,17.427104949951172
randomsurplus_0,19,6,36,-17,33.03095626831055,50.03095626831055
randomsurplus_0,19,7,48,-29,-14.268086433410645,14.731913566589355
randomsurplus_1,41,1,48,-7,-5.492089748382568,1.5079102516174316
randomsurplus_2,20,1,30,-10,-2.6284241676330566,7.371575832366943
randomsurplus_2,20,2,27,-7,-0.6798697710037231,6.320130348205566
randomsurplus_2,20,3,26,-6,-7.608638763427734,1.6086387634277344
randomsurplus_3,29,1,39,-10,-1.1299418210983276,8.870058059692383
randomsurplus_3,29,2,38,-9,-5.878669261932373,3.121330738067627
randomsurplus_4,29,1,39,-10,-4.2012939453125,5.7987060546875
randomsurplus_4,29,2,35,-6,-4.069424629211426,1.9305753707885742
randomsurplus_5,21,1,31,-10,-9.359125137329102,0.6408748626708984
randomsurplus_6,22,1,32,-10,-4.702691555023193,5.297308444976807
randomsurplus_6,22,2,27,-5,-1.7116687297821045,3.2883312702178955
randomsurplus_7,22,1,32,-10,-7.482769966125488,2.5172300338745117
randomsurplus_8,28,1,38,-10,-5.776885032653809,4.223114967346191
randomsurplus_9,28,1,38,-10,-7.300835132598877,2.699164867401123
secondfloorbalcony_0,32,1,42,-10,-7.4538254737854,2.5461745262145996
secondfloorbalcony_1,34,1,44,-10,-11.928834915161133,1.9288349151611328
secondfloorbalcony_3,20,1,30,-10,-10.871512413024902,0.8715124130249023
secondfloorbalcony_4,23,1,33,-10,5.551270484924316,15.551270484924316
secondfloorbalcony_4,23,2,39,-16,17.927343368530273,33.927345275878906
secondfloorbalcony_4,23,3,48,-25,28.507877349853516,53.507877349853516
secondfloorbalcony_4,23,4,48,-25,8.256962776184082,33.256961822509766
secondfloorbalcony_4,23,5,48,-25,31.740976333618164,56.74097442626953
secondfloorbalcony_4,23,6,48,-25,19.228351593017578,44.22835159301758
secondfloorbalcony_4,23,7,48,-25,31.078441619873047,56.07844161987305
secondfloorbalcony_6,23,1,33,-10,-15.59885311126709,5.59885311126709
secondfloorbalcony_6,23,2,17,6,6.681467533111572,0.6814675331115723
secondfloorbalcony_7,19,1,29,-10,-10.405838966369629,0.4058389663696289
secondfloorbalcony_8,19,1,29,-10,-12.841191291809082,2.841191291809082
secondfloorbalcony_9,21,1,31,-10,-8.711649894714355,1.2883501052856445
tableroom_0,19,1,29,-10,-3.153968572616577,6.846031188964844
tableroom_0,19,2,26,-7,-9.695595741271973,2.6955957412719727
tableroom_1,22,1,32,-10,-10.614054679870605,0.6140546798706055
tableroom_2,44,1,48,-4,31.166460037231445,35.16645812988281
tableroom_2,44,2,48,-4,38.30194091796875,42.30194091796875
tableroom_2,44,3,48,-4,12.810169219970703,16.810169219970703
tableroom_2,44,4,48,-4,32.45331954956055,36.45331954956055
tableroom_2,44,5,48,-4,33.01900863647461,37.01900863647461
tableroom_2,44,6,48,-4,27.289846420288086,31.289846420288086
tableroom_2,44,7,48,-4,20.86311912536621,24.86311912536621
tableroom_3,33,1,43,-10,-7.852537155151367,2.147462844848633
tableroom_4,45,1,48,-3,13.244284629821777,16.244285583496094
tableroom_4,45,2,48,-3,-2.119830369949341,0.8801696300506592
tableroom_5,33,1,43,-10,-7.3961381912231445,2.6038618087768555
