filename,CorrectPosition,focus_time,index,label,pred,loss
home1_0,29,1,0,29,39.18342590332031,10.183425903320312
home1_0,29,2,39,-10,-7.420422554016113,2.5795774459838867
home1_1,23,1,0,23,16.242399215698242,6.757600784301758
home1_1,23,2,16,7,0.36754110455513,6.632458686828613
home1_1,23,3,16,7,5.834595203399658,1.1654047966003418
home1_2,37,1,7,30,15.217216491699219,14.782783508300781
home1_2,37,2,22,15,10.13786792755127,4.8621320724487305
home1_3,32,1,2,30,16.253185272216797,13.746814727783203
home1_3,32,2,18,14,10.580373764038086,3.419626235961914
home1_4,47,1,17,30,8.862506866455078,21.137493133544922
home1_4,47,2,26,21,0.8266289234161377,20.173370361328125
home1_4,47,3,27,20,12.51236343383789,7.487636566162109
home1_4,47,4,40,7,0.03835190460085869,6.961647987365723
home1_4,47,5,40,7,5.17985200881958,1.82014799118042
home1_5,47,1,17,30,35.50465393066406,5.5046539306640625
home1_5,47,2,48,-1,-2.8908677101135254,1.8908677101135254
home1_6,34,1,4,30,43.027305603027344,13.027305603027344
home1_6,34,2,47,-13,-22.896541595458984,9.896541595458984
home1_6,34,3,24,10,11.27640438079834,1.2764043807983398
home1_8,29,1,0,29,13.525299072265625,15.474700927734375
home1_8,29,2,14,15,11.686606407165527,3.3133935928344727
home1_9,26,1,0,26,-2.6928484439849854,28.692848205566406
home1_9,26,2,0,26,-6.257193088531494,32.25719451904297
home1_9,26,3,0,26,-3.1537585258483887,29.153759002685547
home1_9,26,4,0,26,-5.132963180541992,31.132963180541992
home1_9,26,5,0,26,2.6684041023254395,23.33159637451172
home1_9,26,6,3,23,0.5834036469459534,22.416595458984375
home1_9,26,7,4,22,-1.3849565982818604,23.38495635986328
home2_0,38,1,8,30,25.67753791809082,4.32246208190918
home2_2,43,1,13,30,3.1647250652313232,26.835275650024414
home2_2,43,2,16,27,1.4634625911712646,25.536537170410156
home2_2,43,3,17,26,-7.125975608825684,33.1259765625
home2_2,43,4,10,33,1.414145588874817,31.585853576660156
home2_2,43,5,11,32,5.2691969871521,26.730802536010742
home2_2,43,6,16,27,4.625617980957031,22.37438201904297
home2_2,43,7,21,22,3.1699612140655518,18.83003807067871
home2_3,31,1,1,30,6.155149459838867,23.844850540161133
home2_3,31,2,7,24,9.603802680969238,14.396197319030762
home2_3,31,3,17,14,6.972907543182373,7.027092456817627
home2_3,31,4,24,7,2.2632062435150146,4.736793518066406
home2_4,34,1,4,30,6.932556629180908,23.06744384765625
home2_4,34,2,11,23,5.517300128936768,17.48270034790039
home2_4,34,3,17,17,4.704960346221924,12.295040130615234
home2_4,34,4,22,12,3.188218832015991,8.81178092956543
home2_4,34,5,25,9,2.676873207092285,6.323126792907715
home2_4,34,6,28,6,-1.0597258806228638,7.059725761413574
home2_4,34,7,27,7,8.292444229125977,1.2924442291259766
home2_5,30,1,0,30,7.278944492340088,22.72105598449707
home2_5,30,2,7,23,14.386866569519043,8.613133430480957
home2_5,30,3,21,9,14.171534538269043,5.171534538269043
home2_5,30,4,35,-5,1.3832215070724487,6.383221626281738
home2_5,30,5,36,-6,2.61495304107666,8.61495304107666
home2_5,30,6,39,-9,-1.4417617321014404,7.5582380294799805
home2_5,30,7,38,-8,-0.02680937573313713,7.973190784454346
home2_6,29,1,0,29,20.765071868896484,8.234928131103516
home2_6,29,2,21,8,6.334679126739502,1.665320873260498
home2_7,34,1,4,30,11.362039566040039,18.63796043395996
home2_7,34,2,15,19,4.38730001449585,14.612699508666992
home2_7,34,3,19,15,5.482738494873047,9.517261505126953
home2_7,34,4,24,10,3.8105592727661133,6.189440727233887
home2_7,34,5,28,6,3.821479320526123,2.178520679473877
home2_9,30,1,0,30,24.421411514282227,5.578588485717773
home2_9,30,2,24,6,12.20151424407959,6.20151424407959
home2_9,30,3,36,-6,1.8010271787643433,7.801027297973633
home2_9,30,4,38,-8,-1.903941035270691,6.0960588455200195
home2_9,30,5,36,-6,1.6136282682418823,7.613628387451172
home2_9,30,6,38,-8,-5.571000576019287,2.428999423980713
microkitchen1_0,21,1,0,21,20.213605880737305,0.7863941192626953
microkitchen1_1,21,1,0,21,26.046823501586914,5.046823501586914
microkitchen1_1,21,2,26,-5,-5.7314348220825195,0.7314348220825195
microkitchen1_2,21,1,0,21,32.008445739746094,11.008445739746094
microkitchen1_2,21,2,32,-11,-15.747641563415527,4.747641563415527
microkitchen1_3,24,1,0,24,13.384929656982422,10.615070343017578
microkitchen1_3,24,2,13,11,13.292566299438477,2.2925662994384766
microkitchen1_4,25,1,0,25,22.200672149658203,2.799327850341797
microkitchen1_5,25,1,0,25,40.048240661621094,15.048240661621094
microkitchen1_5,25,2,40,-15,-12.382707595825195,2.6172924041748047
microkitchen1_6,25,1,0,25,11.057965278625488,13.942034721374512
microkitchen1_6,25,2,11,14,7.568449974060059,6.431550025939941
microkitchen1_6,25,3,19,6,5.036931037902832,0.963068962097168
microkitchen1_7,20,1,0,20,10.14814281463623,9.85185718536377
microkitchen1_7,20,2,10,10,2.096754789352417,7.903244972229004
microkitchen1_7,20,3,12,8,-0.5329451560974121,8.53294563293457
microkitchen1_7,20,4,11,9,2.5110044479370117,6.488995552062988
microkitchen1_7,20,5,14,6,-0.6506628394126892,6.650662899017334
microkitchen1_7,20,6,13,7,0.552605152130127,6.447394847869873
microkitchen1_7,20,7,14,6,-0.19320280849933624,6.193202972412109
microkitchen1_8,29,1,0,29,36.97531509399414,7.975315093994141
microkitchen1_8,29,2,37,-8,-6.618278503417969,1.3817214965820312
microkitchen1_9,19,1,0,19,7.644604682922363,11.355395317077637
microkitchen1_9,19,2,8,11,7.814634323120117,3.185365676879883
pillowroom1_0,25,1,0,25,18.354877471923828,6.645122528076172
pillowroom1_0,25,2,18,7,18.833539962768555,11.833539962768555
pillowroom1_0,25,3,37,-12,4.436593055725098,16.43659210205078
pillowroom1_0,25,4,41,-16,3.239710569381714,19.239709854125977
pillowroom1_0,25,5,44,-19,2.480515480041504,21.480514526367188
pillowroom1_0,25,6,46,-21,-0.48834967613220215,20.51165008544922
pillowroom1_0,25,7,46,-21,-1.3650176525115967,19.63498306274414
pillowroom1_6,27,1,0,27,18.650869369506836,8.349130630493164
pillowroom1_6,27,2,19,8,10.096138954162598,2.0961389541625977
pillowroom1_7,36,1,6,30,25.870351791381836,4.129648208618164
pillowroom1_8,34,1,4,30,16.661733627319336,13.338266372680664
pillowroom1_8,34,2,21,13,6.494251251220703,6.505748748779297
pillowroom1_8,34,3,27,7,4.728153705596924,2.271846294403076
pillowroom1_9,21,1,0,21,3.5050041675567627,17.4949951171875
pillowroom1_9,21,2,4,17,5.796215057373047,11.203784942626953
pillowroom1_9,21,3,10,11,7.563462734222412,3.436537265777588
secondfloorgames_0,20,1,0,20,20.61345863342285,0.6134586334228516
secondfloorgames_1,24,1,0,24,-5.504670143127441,29.504669189453125
secondfloorgames_1,24,2,0,24,4.79452657699585,19.205472946166992
secondfloorgames_1,24,3,5,19,4.156835079193115,14.843164443969727
secondfloorgames_1,24,4,9,15,19.195392608642578,4.195392608642578
secondfloorgames_2,30,1,0,30,11.838356971740723,18.161643981933594
secondfloorgames_2,30,2,12,18,16.106773376464844,1.8932266235351562
secondfloorgames_3,23,1,0,23,27.448457717895508,4.448457717895508
secondfloorgames_4,22,1,0,22,9.961786270141602,12.038213729858398
secondfloorgames_4,22,2,10,12,8.10175895690918,3.8982410430908203
secondfloorgames_5,24,1,0,24,23.757463455200195,0.2425365447998047
secondfloorgames_6,19,1,0,19,31.932859420776367,12.932859420776367
secondfloorgames_6,19,2,32,-13,-2.6999709606170654,10.300028800964355
secondfloorgames_6,19,3,29,-10,14.602595329284668,24.602596282958984
secondfloorgames_6,19,4,44,-25,6.463534355163574,31.46353530883789
secondfloorgames_6,19,5,48,-29,-24.515825271606445,4.484174728393555
secondfloorgames_7,20,1,0,20,15.375550270080566,4.624449729919434
secondfloorgames_8,23,1,0,23,14.488093376159668,8.511906623840332
secondfloorgames_8,23,2,14,9,7.267112731933594,1.7328872680664062
apt1_0,25,1,0,25,34.9736213684082,9.973621368408203
apt1_0,25,2,35,-10,-12.105395317077637,2.1053953170776367
apt1_1,21,1,0,21,13.146533966064453,7.853466033935547
apt1_1,21,2,13,8,5.055659770965576,2.944340229034424
apt1_2,24,1,0,24,20.673873901367188,3.3261260986328125
apt1_3,25,1,0,25,12.303777694702148,12.696222305297852
apt1_3,25,2,12,13,9.728031158447266,3.2719688415527344
apt1_4,23,1,0,23,3.3314313888549805,19.668567657470703
apt1_4,23,2,3,20,3.653599500656128,16.34640121459961
apt1_4,23,3,7,16,3.837339401245117,12.162660598754883
apt1_4,23,4,11,12,5.6481733322143555,6.3518266677856445
apt1_4,23,5,17,6,0.8656741976737976,5.134325981140137
apt1_4,23,6,18,5,0.9534581303596497,4.046541690826416
apt1_5,22,1,0,22,4.168136119842529,17.831863403320312
apt1_5,22,2,4,18,3.630974292755127,14.369026184082031
apt1_5,22,3,8,14,1.292663335800171,12.70733642578125
apt1_5,22,4,9,13,3.0415902137756348,9.958410263061523
apt1_5,22,5,12,10,2.1402971744537354,7.859703063964844
apt1_5,22,6,14,8,3.4158475399017334,4.5841522216796875
apt1_6,20,1,0,20,21.905439376831055,1.9054393768310547
apt1_7,20,1,0,20,7.983817100524902,12.016182899475098
apt1_7,20,2,8,12,6.961816310882568,5.038183689117432
apt1_7,20,3,15,5,4.12045955657959,0.8795404434204102
apt1_8,31,1,1,30,46.935890197753906,16.935890197753906
apt1_8,31,2,48,-17,-16.63941764831543,0.3605823516845703
apt1_9,20,1,0,20,13.005132675170898,6.994867324829102
apt1_9,20,2,13,7,6.518997669219971,0.4810023307800293
apt2_0,41,1,11,30,30.875120162963867,0.8751201629638672
apt2_1,20,1,0,20,10.896235466003418,9.103764533996582
apt2_1,20,2,11,9,5.844196319580078,3.155803680419922
apt2_2,23,1,0,23,12.998361587524414,10.001638412475586
apt2_2,23,2,13,10,8.84504508972168,1.1549549102783203
apt2_3,26,1,0,26,10.41597843170166,15.58402156829834
apt2_3,26,2,10,16,16.069673538208008,0.06967353820800781
apt2_4,23,1,0,23,16.930864334106445,6.069135665893555
apt2_4,23,2,17,6,0.7309265732765198,5.269073486328125
apt2_4,23,3,18,5,-0.8339919447898865,5.833992004394531
apt2_4,23,4,17,6,-0.10619881004095078,6.106198787689209
apt2_4,23,5,17,6,2.3918747901916504,3.6081252098083496
apt2_5,26,1,0,26,7.9168524742126465,18.083147048950195
apt2_5,26,2,8,18,5.754763126373291,12.245237350463867
apt2_5,26,3,14,12,-2.361661672592163,14.361661911010742
apt2_5,26,4,12,14,-4.126730918884277,18.126731872558594
apt2_5,26,5,8,18,-4.5843586921691895,22.58435821533203
apt2_5,26,6,3,23,6.236414909362793,16.76358413696289
apt2_5,26,7,9,17,6.942065715789795,10.057933807373047
apt2_6,23,1,0,23,5.287598609924316,17.71240234375
apt2_6,23,2,5,18,8.70777416229248,9.29222583770752
apt2_6,23,3,14,9,14.333037376403809,5.333037376403809
apt2_6,23,4,28,-5,-6.05168342590332,1.0516834259033203
apt2_7,31,1,1,30,27.03196907043457,2.9680309295654297
apt2_8,40,1,10,30,16.85205078125,13.14794921875
apt2_8,40,2,27,13,8.101195335388184,4.898804664611816
apt2_9,24,1,0,24,23.410274505615234,0.5897254943847656
books_0,27,1,0,27,25.200679779052734,1.7993202209472656
books_1,26,1,0,26,7.075716018676758,18.924283981323242
books_1,26,2,7,19,8.756071090698242,10.243928909301758
books_1,26,3,16,10,10.705699920654297,0.7056999206542969
books_2,22,1,0,22,10.25015926361084,11.74984073638916
books_2,22,2,10,12,5.561186790466309,6.438813209533691
books_2,22,3,16,6,2.2081961631774902,3.7918038368225098
books_3,23,1,0,23,10.783453941345215,12.216546058654785
books_3,23,2,11,12,6.5053205490112305,5.4946794509887695
books_3,23,3,18,5,-3.113306760787964,8.113306999206543
books_3,23,4,15,8,-0.42769956588745117,8.42770004272461
books_3,23,5,15,8,1.50052011013031,6.4994797706604
books_3,23,6,17,6,3.3747236728668213,2.6252763271331787
books_4,24,1,0,24,18.0325870513916,5.967412948608398
books_4,24,2,18,6,6.459924221038818,0.45992422103881836
books_5,22,1,0,22,12.950325965881348,9.049674034118652
books_5,22,2,13,9,5.845420837402344,3.1545791625976562
books_6,20,1,0,20,13.2424955368042,6.757504463195801
books_6,20,2,13,7,3.7364795207977295,3.2635204792022705
books_7,26,1,0,26,5.294200897216797,20.705799102783203
books_7,26,2,5,21,5.1741623878479,15.825838088989258
books_7,26,3,10,16,3.7396435737609863,12.260356903076172
books_7,26,4,14,12,2.6552810668945312,9.344718933105469
books_7,26,5,17,9,4.49670934677124,4.50329065322876
books_8,23,1,0,23,4.0957536697387695,18.904247283935547
books_8,23,2,4,19,1.4823877811431885,17.51761245727539
books_8,23,3,5,18,2.875983238220215,15.124016761779785
books_8,23,4,8,15,1.1639803647994995,13.836019515991211
books_8,23,5,9,14,2.5263113975524902,11.473688125610352
books_8,23,6,12,11,4.595668792724609,6.404331207275391
books_8,23,7,17,6,4.344520092010498,1.655479907989502
books_9,27,1,0,27,24.445175170898438,2.5548248291015625
bottles_0,22,1,0,22,9.502737045288086,12.497262954711914
bottles_0,22,2,10,12,7.58543586730957,4.41456413269043
bottles_1,23,1,0,23,2.8099172115325928,20.190082550048828
bottles_1,23,2,3,20,5.287415981292725,14.712583541870117
bottles_1,23,3,8,15,8.509521484375,6.490478515625
bottles_1,23,4,17,6,-0.48360252380371094,6.483602523803711
bottles_1,23,5,17,6,2.169405221939087,3.830594778060913
bottles_2,22,1,0,22,32.61015701293945,10.610157012939453
bottles_2,22,2,33,-11,-27.378860473632812,16.378860473632812
bottles_2,22,3,6,16,26.69532012939453,10.695320129394531
bottles_2,22,4,33,-11,-15.555052757263184,4.555052757263184
bottles_3,30,1,0,30,20.08680534362793,9.91319465637207
bottles_3,30,2,20,10,29.319847106933594,19.319847106933594
bottles_3,30,3,48,-18,25.13134002685547,43.13134002685547
bottles_3,30,4,48,-18,12.703972816467285,30.70397186279297
bottles_3,30,5,48,-18,12.902670860290527,30.902671813964844
bottles_3,30,6,48,-18,3.550779104232788,21.550779342651367
bottles_3,30,7,48,-18,12.084698677062988,30.084697723388672
bottles_4,25,1,0,25,27.4809627532959,2.4809627532958984
bottles_5,27,1,0,27,10.308528900146484,16.691471099853516
bottles_5,27,2,10,17,11.862028121948242,5.137971878051758
bottles_5,27,3,22,5,3.3411104679107666,1.6588895320892334
bottles_6,27,1,0,27,19.433059692382812,7.5669403076171875
bottles_6,27,2,19,8,8.075169563293457,0.07516956329345703
bottles_7,27,1,0,27,20.906761169433594,6.093238830566406
bottles_7,27,2,21,6,10.278192520141602,4.278192520141602
bottles_8,25,1,0,25,17.6533203125,7.3466796875
bottles_8,25,2,18,7,-0.8018088936805725,7.801808834075928
bottles_8,25,3,17,8,11.123298645019531,3.1232986450195312
campusoutdoors1_0,20,1,0,20,14.942328453063965,5.057671546936035
campusoutdoors1_0,20,2,15,5,-4.922576904296875,9.922576904296875
campusoutdoors1_0,20,3,10,10,10.976065635681152,0.9760656356811523
campusoutdoors1_1,20,1,0,20,29.619226455688477,9.619226455688477
campusoutdoors1_1,20,2,30,-10,-20.330175399780273,10.330175399780273
campusoutdoors1_1,20,3,10,10,10.777230262756348,0.7772302627563477
campusoutdoors1_2,22,1,0,22,21.002338409423828,0.9976615905761719
campusoutdoors1_3,20,1,0,20,11.661728858947754,8.338271141052246
campusoutdoors1_3,20,2,12,8,-4.1529951095581055,12.152995109558105
campusoutdoors1_3,20,3,8,12,1.0474989414215088,10.95250129699707
campusoutdoors1_3,20,4,9,11,2.735363006591797,8.264636993408203
campusoutdoors1_3,20,5,12,8,-4.039802074432373,12.039802551269531
campusoutdoors1_3,20,6,8,12,2.384636402130127,9.615364074707031
campusoutdoors1_3,20,7,10,10,-2.228635311126709,12.228635787963867
campusoutdoors1_4,22,1,0,22,12.575078010559082,9.424921989440918
campusoutdoors1_4,22,2,13,9,3.1498594284057617,5.850140571594238
campusoutdoors1_4,22,3,16,6,5.018964767456055,0.9810352325439453
campusoutdoors1_5,22,1,0,22,15.404093742370605,6.5959062576293945
campusoutdoors1_5,22,2,15,7,1.0267808437347412,5.97321891784668
campusoutdoors1_5,22,3,16,6,4.267197608947754,1.732802391052246
campusoutdoors1_6,27,1,0,27,24.643701553344727,2.3562984466552734
campusoutdoors1_8,19,1,0,19,9.313983917236328,9.686016082763672
campusoutdoors1_8,19,2,9,10,5.614650726318359,4.385349273681641
campusoutdoors1_9,19,1,0,19,18.706844329833984,0.2931556701660156
campusoutdoors2_0,20,1,0,20,3.431262731552124,16.568737030029297
campusoutdoors2_0,20,2,3,17,3.798382043838501,13.201618194580078
campusoutdoors2_0,20,3,7,13,2.119365692138672,10.880634307861328
campusoutdoors2_0,20,4,9,11,0.7858689427375793,10.214131355285645
campusoutdoors2_0,20,5,10,10,0.21384814381599426,9.786151885986328
campusoutdoors2_0,20,6,10,10,-1.0831799507141113,11.083179473876953
campusoutdoors2_0,20,7,9,11,0.4542430341243744,10.545757293701172
campusoutdoors2_1,42,1,12,30,25.437355041503906,4.562644958496094
campusoutdoors2_3,31,1,1,30,11.525826454162598,18.47417449951172
campusoutdoors2_3,31,2,13,18,7.312646865844727,10.687353134155273
campusoutdoors2_3,31,3,20,11,2.875399112701416,8.124601364135742
campusoutdoors2_3,31,4,23,8,5.502352237701416,2.497647762298584
campusoutdoors2_4,29,1,0,29,25.07758903503418,3.9224109649658203
campusoutdoors2_5,32,1,2,30,17.758852005004883,12.241147994995117
campusoutdoors2_5,32,2,20,12,15.04688549041748,3.0468854904174805
campusoutdoors2_6,22,1,0,22,22.51097869873047,0.5109786987304688
campusoutdoors2_7,23,1,0,23,10.280354499816895,12.719645500183105
campusoutdoors2_7,23,2,10,13,12.067292213439941,0.9327077865600586
campusoutdoors2_8,23,1,0,23,6.058562278747559,16.941436767578125
campusoutdoors2_8,23,2,6,17,13.667888641357422,3.332111358642578
campusoutdoors2_9,25,1,0,25,12.364189147949219,12.635810852050781
campusoutdoors2_9,25,2,12,13,6.358230113983154,6.641769886016846
campusoutdoors2_9,25,3,18,7,6.304174900054932,0.6958250999450684
fakeplants_0,24,1,0,24,9.632780075073242,14.367219924926758
fakeplants_0,24,2,10,14,5.430013656616211,8.569986343383789
fakeplants_0,24,3,15,9,4.892271041870117,4.107728958129883
fakeplants_1,21,1,0,21,14.833970069885254,6.166029930114746
fakeplants_1,21,2,15,6,3.2185819149017334,2.7814180850982666
fakeplants_2,21,1,0,21,9.321249961853027,11.678750038146973
fakeplants_2,21,2,9,12,4.492152214050293,7.507847785949707
fakeplants_2,21,3,13,8,2.249000310897827,5.750999450683594
fakeplants_2,21,4,15,6,1.7004069089889526,4.299592971801758
fakeplants_3,22,1,0,22,7.611034393310547,14.388965606689453
fakeplants_3,22,2,8,14,5.433025360107422,8.566974639892578
fakeplants_3,22,3,13,9,4.224839210510254,4.775160789489746
fakeplants_4,24,1,0,24,21.88619613647461,2.1138038635253906
fakeplants_5,21,1,0,21,33.20316696166992,12.203166961669922
fakeplants_5,21,2,33,-12,-6.715329170227051,5.284670829772949
fakeplants_5,21,3,26,-5,0.9764927625656128,5.976492881774902
fakeplants_5,21,4,27,-6,0.41945651173591614,6.419456481933594
fakeplants_5,21,5,27,-6,3.814347505569458,9.814347267150879
fakeplants_5,21,6,31,-10,-1.6531667709350586,8.346833229064941
fakeplants_5,21,7,29,-8,-4.806382179260254,3.193617820739746
fakeplants_6,21,1,0,21,29.008222579956055,8.008222579956055
fakeplants_6,21,2,29,-8,-8.012992858886719,0.01299285888671875
fakeplants_7,23,1,0,23,22.153972625732422,0.8460273742675781
fakeplants_8,21,1,0,21,17.658002853393555,3.3419971466064453
fakeplants_9,21,1,0,21,25.068599700927734,4.068599700927734
garage2_0,22,1,0,22,19.846134185791016,2.1538658142089844
garage2_1,24,1,0,24,16.84410285949707,7.15589714050293
garage2_1,24,2,17,7,1.915274739265442,5.084725379943848
garage2_1,24,3,19,5,3.2009918689727783,1.7990081310272217
garage2_2,31,1,1,30,41.74848937988281,11.748489379882812
garage2_2,31,2,43,-12,-10.817475318908691,1.1825246810913086
garage2_4,24,1,0,24,19.5146541595459,4.485345840454102
garage2_6,26,1,0,26,15.455825805664062,10.544174194335938
garage2_6,26,2,15,11,10.347550392150879,0.6524496078491211
garage2_7,24,1,0,24,12.1689453125,11.8310546875
garage2_7,24,2,12,12,6.973187446594238,5.026812553405762
garage2_7,24,3,19,5,0.4644436240196228,4.535556316375732
garage2_8,21,1,0,21,15.056916236877441,5.943083763122559
garage2_8,21,2,15,6,-1.9143657684326172,7.914365768432617
garage2_8,21,3,13,8,3.267418384552002,4.732581615447998
garage2_9,23,1,0,23,4.99821662902832,18.00178337097168
garage2_9,23,2,5,18,7.645030498504639,10.354969024658203
garage2_9,23,3,13,10,2.7267343997955322,7.273265838623047
garage2_9,23,4,16,7,-1.6003705263137817,8.600370407104492
garage2_9,23,5,14,9,-5.476330757141113,14.476330757141113
garage2_9,23,6,9,14,0.20224224030971527,13.797758102416992
garage2_9,23,7,9,14,4.043173789978027,9.956826210021973
garage_0,25,1,0,25,21.8812255859375,3.1187744140625
garage_1,27,1,0,27,0.6582030057907104,26.341796875
garage_1,27,2,1,26,7.118228435516357,18.881771087646484
garage_1,27,3,8,19,0.8531522154808044,18.146848678588867
garage_1,27,4,9,18,-0.21117639541625977,18.2111759185791
garage_1,27,5,9,18,5.487864017486572,12.512136459350586
garage_1,27,6,14,13,-1.4436893463134766,14.443689346313477
garage_1,27,7,13,14,2.2135262489318848,11.786474227905273
garage_3,22,1,0,22,12.697811126708984,9.302188873291016
garage_3,22,2,13,9,6.059579372406006,2.940420627593994
garage_4,44,1,14,30,13.840585708618164,16.159414291381836
garage_4,44,2,28,16,3.6597900390625,12.3402099609375
garage_4,44,3,32,12,3.528904914855957,8.471095085144043
garage_4,44,4,36,8,2.595350503921509,5.40464973449707
garage_4,44,5,39,5,-3.3340158462524414,8.334015846252441
garage_4,44,6,36,8,2.2763187885284424,5.723681449890137
garage_4,44,7,38,6,4.495666980743408,1.5043330192565918
garage_6,27,1,0,27,6.453978061676025,20.546022415161133
garage_6,27,2,6,21,10.78711986541748,10.21288013458252
garage_6,27,3,17,10,1.7355369329452515,8.264463424682617
garage_6,27,4,19,8,2.8864593505859375,5.1135406494140625
garage_6,27,5,22,5,1.7010868787765503,3.29891300201416
garage_7,22,1,0,22,14.944053649902344,7.055946350097656
garage_7,22,2,15,7,5.962220668792725,1.0377793312072754
garage_8,44,1,14,30,45.55619430541992,15.556194305419922
garage_8,44,2,48,-4,-6.279362678527832,2.279362678527832
garage_9,20,1,0,20,18.596010208129883,1.4039897918701172
hallway1_0,32,1,2,30,20.145490646362305,9.854509353637695
hallway1_0,32,2,22,10,5.8864426612854,4.1135573387146
hallway1_2,33,1,3,30,39.83540725708008,9.835407257080078
hallway1_2,33,2,43,-10,-4.668389320373535,5.331610679626465
hallway1_2,33,3,38,-5,8.573864936828613,13.573864936828613
hallway1_2,33,4,47,-14,-8.501254081726074,5.498745918273926
hallway1_2,33,5,38,-5,5.903481960296631,10.903482437133789
hallway1_2,33,6,44,-11,-9.360625267028809,1.6393747329711914
hallway1_3,26,1,0,26,16.4577579498291,9.542242050170898
hallway1_3,26,2,16,10,3.8564085960388184,6.143591403961182
hallway1_3,26,3,20,6,1.4252784252166748,4.574721336364746
hallway1_4,23,1,0,23,8.605327606201172,14.394672393798828
hallway1_4,23,2,9,14,10.292094230651855,3.7079057693481445
hallway1_5,22,1,0,22,10.079413414001465,11.920586585998535
hallway1_5,22,2,10,12,4.244245529174805,7.755754470825195
hallway1_5,22,3,14,8,4.129104137420654,3.8708958625793457
hallway1_6,22,1,0,22,14.713703155517578,7.286296844482422
hallway1_6,22,2,15,7,3.986196756362915,3.013803243637085
hallway1_7,37,1,7,30,32.43582534790039,2.4358253479003906
hallway2_0,29,1,0,29,26.793607711791992,2.206392288208008
hallway2_1,34,1,4,30,3.186086416244507,26.813913345336914
hallway2_1,34,2,7,27,0.8445442914962769,26.15545654296875
hallway2_1,34,3,8,26,2.676316261291504,23.323684692382812
hallway2_1,34,4,11,23,0.28361669182777405,22.71638298034668
hallway2_1,34,5,11,23,4.661148548126221,18.338851928710938
hallway2_1,34,6,16,18,1.898533582687378,16.10146713256836
hallway2_1,34,7,18,16,4.414079189300537,11.585920333862305
hallway2_2,25,1,0,25,28.741540908813477,3.7415409088134766
meetingroom1_7,19,1,0,19,24.53131866455078,5.531318664550781
meetingroom1_7,19,2,25,-6,16.854433059692383,22.854433059692383
meetingroom1_7,19,3,42,-23,12.507159233093262,35.50716018676758
meetingroom1_7,19,4,48,-29,13.49277400970459,42.492774963378906
meetingroom1_7,19,5,48,-29,10.32603645324707,39.32603454589844
meetingroom1_7,19,6,48,-29,16.344228744506836,45.34423065185547
meetingroom1_7,19,7,48,-29,28.241146087646484,57.241146087646484
meetingroom1_8,21,1,0,21,13.079833984375,7.920166015625
meetingroom1_8,21,2,13,8,4.454559803009033,3.545440196990967
meetingroom1_9,23,1,0,23,52.34965896606445,29.349658966064453
meetingroom1_9,23,2,48,-25,-14.801240921020508,10.198759078979492
meetingroom1_9,23,3,33,-10,-7.252867221832275,2.7471327781677246
meetingroom2_0,27,1,0,27,-1.5323455333709717,28.532344818115234
meetingroom2_0,27,2,0,27,4.764793872833252,22.235206604003906
meetingroom2_0,27,3,5,22,6.450710296630859,15.54928970336914
meetingroom2_0,27,4,11,16,3.5954341888427734,12.404565811157227
meetingroom2_0,27,5,15,12,3.774674892425537,8.225324630737305
meetingroom2_0,27,6,19,8,5.587779998779297,2.412220001220703
meetingroom2_1,23,1,0,23,16.891496658325195,6.108503341674805
meetingroom2_1,23,2,17,6,11.009026527404785,5.009026527404785
meetingroom2_1,23,3,28,-5,0.4072551429271698,5.407255172729492
meetingroom2_1,23,4,28,-5,-4.925578594207764,0.07442140579223633
meetingroom2_2,24,1,0,24,3.9186558723449707,20.081344604492188
meetingroom2_2,24,2,4,20,1.02675199508667,18.973247528076172
meetingroom2_2,24,3,5,19,9.826379776000977,9.173620223999023
meetingroom2_2,24,4,15,9,-1.6455436944961548,10.645544052124023
meetingroom2_2,24,5,13,11,4.870077133178711,6.129922866821289
meetingroom2_2,24,6,18,6,0.012127337977290154,5.98787260055542
meetingroom2_2,24,7,18,6,-0.3111673891544342,6.311167240142822
meetingroom2_3,29,1,0,29,10.479087829589844,18.520912170410156
meetingroom2_3,29,2,10,19,6.539643287658691,12.460356712341309
meetingroom2_3,29,3,17,12,4.96876859664917,7.03123140335083
meetingroom2_3,29,4,22,7,-0.1867024153470993,7.186702251434326
meetingroom2_3,29,5,22,7,-0.8192417025566101,7.819241523742676
meetingroom2_3,29,6,21,8,1.4439740180969238,6.556025981903076
meetingroom2_3,29,7,22,7,2.6507792472839355,4.3492207527160645
meetingroom2_4,22,1,0,22,4.651236057281494,17.348764419555664
meetingroom2_4,22,2,5,17,-4.790567874908447,21.79056739807129
meetingroom2_4,22,3,0,22,2.6379642486572266,19.362035751342773
meetingroom2_4,22,4,3,19,0.04420837014913559,18.955791473388672
meetingroom2_4,22,5,3,19,-1.816332221031189,20.81633186340332
meetingroom2_4,22,6,1,21,0.9113525748252869,20.088647842407227
meetingroom2_4,22,7,2,20,1.112959384918213,18.887041091918945
meetingroom2_5,24,1,0,24,4.579653263092041,19.420347213745117
meetingroom2_5,24,2,5,19,7.392322540283203,11.607677459716797
meetingroom2_5,24,3,12,12,6.895801067352295,5.104198932647705
meetingroom2_5,24,4,19,5,4.320312976837158,0.6796870231628418
meetingroom2_6,26,1,0,26,12.809679985046387,13.190320014953613
meetingroom2_6,26,2,13,13,18.706378936767578,5.706378936767578
meetingroom2_6,26,3,32,-6,-4.736510276794434,1.2634897232055664
meetingroom2_7,28,1,0,28,28.42135238647461,0.4213523864746094
meetingroom2_8,28,1,0,28,38.92878341674805,10.928783416748047
meetingroom2_8,28,2,39,-11,-11.938946723937988,0.9389467239379883
meetingroom2_9,31,1,1,30,27.309810638427734,2.6901893615722656
officecrawl1_0,26,1,0,26,-8.726537704467773,34.726539611816406
officecrawl1_0,26,2,0,26,-0.8222047090530396,26.82220458984375
officecrawl1_0,26,3,0,26,-3.595214605331421,29.59521484375
officecrawl1_0,26,4,0,26,16.87171173095703,9.128288269042969
officecrawl1_0,26,5,17,9,18.806367874145508,9.806367874145508
officecrawl1_0,26,6,36,-10,-8.119860649108887,1.8801393508911133
officecrawl1_1,36,1,6,30,9.13437557220459,20.865623474121094
officecrawl1_1,36,2,15,21,8.114766120910645,12.885233879089355
officecrawl1_1,36,3,23,13,5.715282917022705,7.284717082977295
officecrawl1_1,36,4,29,7,1.8808027505874634,5.119197368621826
officecrawl1_1,36,5,31,5,4.6174092292785645,0.38259077072143555
officecrawl1_2,26,1,0,26,10.147647857666016,15.852352142333984
officecrawl1_2,26,2,10,16,7.264705657958984,8.735294342041016
officecrawl1_2,26,3,17,9,8.35280990600586,0.6471900939941406
officecrawl1_3,21,1,0,21,-0.22009506821632385,21.220094680786133
officecrawl1_3,21,2,0,21,1.9882603883743286,19.01173973083496
officecrawl1_3,21,3,2,19,5.634578227996826,13.365421295166016
officecrawl1_3,21,4,8,13,-8.714889526367188,21.714889526367188
officecrawl1_3,21,5,0,21,-8.23432731628418,29.23432731628418
officecrawl1_3,21,6,0,21,16.27349090576172,4.726509094238281
officecrawl1_4,31,1,1,30,34.18919372558594,4.1891937255859375
officecrawl1_5,23,1,0,23,0.9536246657371521,22.046375274658203
officecrawl1_5,23,2,1,22,7.2303571701049805,14.76964282989502
officecrawl1_5,23,3,8,15,3.501065492630005,11.498934745788574
officecrawl1_5,23,4,12,11,-0.35985395312309265,11.359853744506836
officecrawl1_5,23,5,12,11,0.11007663607597351,10.889923095703125
officecrawl1_5,23,6,12,11,-1.9982494115829468,12.998249053955078
officecrawl1_5,23,7,10,13,-3.836914539337158,16.8369140625
officecrawl1_6,27,1,0,27,12.940409660339355,14.059590339660645
officecrawl1_6,27,2,13,14,12.748865127563477,1.2511348724365234
officecrawl1_7,20,1,0,20,42.330265045166016,22.330265045166016
officecrawl1_7,20,2,42,-22,-11.383257865905762,10.616742134094238
officecrawl1_7,20,3,31,-11,-1.409909725189209,9.590089797973633
officecrawl1_7,20,4,30,-10,11.473865509033203,21.473865509033203
officecrawl1_7,20,5,41,-21,-7.972622394561768,13.02737808227539
officecrawl1_7,20,6,33,-13,1.4684492349624634,14.468449592590332
officecrawl1_7,20,7,34,-14,6.233306884765625,20.233306884765625
officecrawl1_8,32,1,2,30,19.603103637695312,10.396896362304688
officecrawl1_8,32,2,22,10,12.390591621398926,2.390591621398926
officecrawl1_9,33,1,3,30,26.747526168823242,3.252473831176758
officecrawl2_0,31,1,1,30,1.0368155241012573,28.963184356689453
officecrawl2_0,31,2,2,29,2.2600021362304688,26.73999786376953
officecrawl2_0,31,3,4,27,4.773326873779297,22.226673126220703
officecrawl2_0,31,4,9,22,1.3970023393630981,20.602996826171875
officecrawl2_0,31,5,10,21,5.989504337310791,15.010496139526367
officecrawl2_0,31,6,16,15,6.3791584968566895,8.620841979980469
officecrawl2_0,31,7,22,9,0.8034876585006714,8.196512222290039
officecrawl2_1,24,1,0,24,16.673954010009766,7.326045989990234
officecrawl2_1,24,2,17,7,7.739776611328125,0.739776611328125
officecrawl2_2,48,1,18,30,7.368730545043945,22.631269454956055
officecrawl2_2,48,2,25,23,7.722601890563965,15.277398109436035
officecrawl2_2,48,3,33,15,4.529971599578857,10.470027923583984
officecrawl2_2,48,4,38,10,2.888566017150879,7.111433982849121
officecrawl2_2,48,5,41,7,1.5291978120803833,5.470802307128906
officecrawl2_2,48,6,43,5,1.3138213157653809,3.686178684234619
officecrawl2_3,42,1,12,30,25.277509689331055,4.722490310668945
officecrawl2_4,24,1,0,24,10.051222801208496,13.948777198791504
officecrawl2_4,24,2,10,14,4.480184555053711,9.519815444946289
officecrawl2_4,24,3,14,10,2.1976089477539062,7.802391052246094
officecrawl2_4,24,4,16,8,-3.620095729827881,11.620096206665039
officecrawl2_4,24,5,12,12,7.227013111114502,4.772986888885498
officecrawl2_6,28,1,0,28,6.722594738006592,21.27740478515625
officecrawl2_6,28,2,7,21,7.928378582000732,13.07162094116211
officecrawl2_6,28,3,15,13,5.510973930358887,7.489026069641113
officecrawl2_6,28,4,21,7,3.562880516052246,3.437119483947754
officecrawl2_7,33,1,3,30,19.460264205932617,10.539735794067383
officecrawl2_7,33,2,22,11,10.000282287597656,0.9997177124023438
officecrawl2_8,22,1,0,22,16.671358108520508,5.328641891479492
officecrawl2_8,22,2,17,5,3.462782382965088,1.537217617034912
officecrawl2_9,27,1,0,27,6.740956783294678,20.259042739868164
officecrawl2_9,27,2,7,20,4.998630523681641,15.00136947631836
officecrawl2_9,27,3,12,15,7.84810209274292,7.15189790725708
officecrawl2_9,27,4,20,7,7.907839298248291,0.907839298248291
officecrawl3_1,26,1,0,26,18.18581771850586,7.814182281494141
officecrawl3_1,26,2,18,8,12.053793907165527,4.053793907165527
officecrawl3_2,24,1,0,24,17.160642623901367,6.839357376098633
officecrawl3_2,24,2,17,7,-1.0414092540740967,8.041409492492676
officecrawl3_2,24,3,16,8,5.372348308563232,2.6276516914367676
officecrawl3_3,32,1,2,30,11.405843734741211,18.59415626525879
officecrawl3_3,32,2,13,19,3.4505059719085693,15.549493789672852
officecrawl3_3,32,3,16,16,2.599437713623047,13.400562286376953
officecrawl3_3,32,4,19,13,7.178739547729492,5.821260452270508
officecrawl3_3,32,5,26,6,4.227323532104492,1.7726764678955078
officecrawl3_4,20,1,0,20,23.650827407836914,3.650827407836914
officecrawl3_5,27,1,0,27,6.88920783996582,20.11079216003418
officecrawl3_5,27,2,7,20,7.41464900970459,12.58535099029541
officecrawl3_5,27,3,14,13,2.223503828048706,10.776495933532715
officecrawl3_5,27,4,16,11,3.7274014949798584,7.2725982666015625
officecrawl3_5,27,5,20,7,8.192066192626953,1.1920661926269531
officecrawl3_6,26,1,0,26,34.35897445678711,8.35897445678711
officecrawl3_6,26,2,34,-8,-3.0172715187072754,4.982728481292725
officecrawl3_7,28,1,0,28,9.596456527709961,18.40354347229004
officecrawl3_7,28,2,10,18,10.39611530303955,7.603884696960449
officecrawl3_7,28,3,20,8,5.079123020172119,2.920876979827881
officecrawl3_8,19,1,0,19,19.763853073120117,0.7638530731201172
officecrawl3_9,25,1,0,25,-5.807049751281738,30.807048797607422
officecrawl3_9,25,2,0,25,7.926842212677002,17.073158264160156
officecrawl3_9,25,3,8,17,14.49376106262207,2.5062389373779297
officeroom1_0,27,1,0,27,11.8506441116333,15.1493558883667
officeroom1_0,27,2,12,15,8.994013786315918,6.005986213684082
officeroom1_0,27,3,21,6,7.281528949737549,1.2815289497375488
officeroom1_1,28,1,0,28,13.304935455322266,14.695064544677734
officeroom1_1,28,2,13,15,8.74052619934082,6.25947380065918
officeroom1_1,28,3,22,6,-7.8588385581970215,13.85883903503418
officeroom1_1,28,4,14,14,8.04638957977295,5.953610420227051
officeroom1_1,28,5,22,6,6.544530391693115,0.5445303916931152
officeroom1_2,29,1,0,29,16.004100799560547,12.995899200439453
officeroom1_2,29,2,16,13,13.668770790100098,0.6687707901000977
officeroom1_3,29,1,0,29,38.31887435913086,9.31887435913086
officeroom1_3,29,2,38,-9,-5.893829345703125,3.106170654296875
officeroom1_4,21,1,0,21,20.896800994873047,0.10319900512695312
officeroom1_5,22,1,0,22,8.137310981750488,13.862689018249512
officeroom1_5,22,2,8,14,3.601691246032715,10.398308753967285
officeroom1_5,22,3,12,10,4.658454895019531,5.341545104980469
officeroom1_5,22,4,17,5,1.7344059944152832,3.265594005584717
officeroom1_6,22,1,0,22,9.623409271240234,12.376590728759766
officeroom1_6,22,2,10,12,8.079656600952148,3.9203433990478516
officeroom1_7,22,1,0,22,14.580537796020508,7.419462203979492
officeroom1_7,22,2,15,7,2.106363534927368,4.893636703491211
officeroom1_8,22,1,0,22,16.838459014892578,5.161540985107422
officeroom1_8,22,2,17,5,6.265085220336914,1.265085220336914
officeroom1_9,27,1,0,27,22.54755973815918,4.45244026184082
officetrashshadows_1,34,1,4,30,-0.826555073261261,30.826555252075195
officetrashshadows_1,34,2,3,31,-0.8887498378753662,31.888750076293945
officetrashshadows_1,34,3,2,32,4.0786452293396,27.921354293823242
officetrashshadows_1,34,4,6,28,-1.1812437772750854,29.181243896484375
officetrashshadows_1,34,5,5,29,0.5781699419021606,28.421829223632812
officetrashshadows_1,34,6,6,28,7.593530654907227,20.406469345092773
officetrashshadows_1,34,7,14,20,1.4455533027648926,18.554447174072266
officetrashshadows_2,23,1,0,23,5.137185096740723,17.862815856933594
officetrashshadows_2,23,2,5,18,5.8218841552734375,12.178115844726562
officetrashshadows_2,23,3,11,12,3.5365326404571533,8.463467597961426
officetrashshadows_2,23,4,15,8,-0.6545899510383606,8.654589653015137
officetrashshadows_2,23,5,14,9,-0.884035050868988,9.884035110473633
officetrashshadows_2,23,6,13,10,-1.1121914386749268,11.112191200256348
officetrashshadows_2,23,7,12,11,1.1432898044586182,9.856710433959961
officetrashshadows_3,27,1,0,27,18.18280601501465,8.817193984985352
officetrashshadows_3,27,2,18,9,8.520297050476074,0.4797029495239258
officetrashshadows_4,36,1,6,30,42.33456039428711,12.33456039428711
officetrashshadows_4,36,2,48,-12,6.708744525909424,18.708744049072266
officetrashshadows_4,36,3,48,-12,-2.0810067653656006,9.91899299621582
officetrashshadows_4,36,4,46,-10,-5.581805229187012,4.418194770812988
officetrashshadows_5,39,1,9,30,4.752257347106934,25.24774169921875
officetrashshadows_5,39,2,14,25,3.0525243282318115,21.94747543334961
officetrashshadows_5,39,3,17,22,3.192289352416992,18.807710647583008
officetrashshadows_5,39,4,20,19,3.9839694499969482,15.016030311584473
officetrashshadows_5,39,5,24,15,-0.05753929913043976,15.057538986206055
officetrashshadows_5,39,6,24,15,6.7685747146606445,8.231425285339355
officetrashshadows_5,39,7,31,8,-6.02463960647583,14.024639129638672
officetrashshadows_6,37,1,7,30,7.853081226348877,22.14691925048828
officetrashshadows_6,37,2,15,22,8.871489524841309,13.128510475158691
officetrashshadows_6,37,3,24,13,5.722500324249268,7.277499675750732
officetrashshadows_6,37,4,30,7,1.298470139503479,5.7015299797058105
officetrashshadows_6,37,5,31,6,1.5915651321411133,4.408434867858887
officetrashshadows_8,25,1,0,25,9.78323745727539,15.21676254272461
officetrashshadows_8,25,2,10,15,5.964640140533447,9.035360336303711
officetrashshadows_8,25,3,16,9,2.102180004119873,6.897819995880127
officetrashshadows_8,25,4,18,7,-0.40457719564437866,7.404577255249023
officetrashshadows_8,25,5,18,7,4.449760437011719,2.5502395629882812
officetrashshadows_9,27,1,0,27,34.88224411010742,7.882244110107422
officetrashshadows_9,27,2,35,-8,-10.448273658752441,2.4482736587524414
officetrash_0,26,1,0,26,28.016923904418945,2.0169239044189453
officetrash_1,23,1,0,23,10.924032211303711,12.075967788696289
officetrash_1,23,2,11,12,6.275749683380127,5.724250316619873
officetrash_1,23,3,17,6,3.942418336868286,2.057581663131714
officetrash_2,25,1,0,25,11.1427583694458,13.8572416305542
officetrash_2,25,2,11,14,8.446118354797363,5.553881645202637
officetrash_2,25,3,19,6,4.835018634796143,1.1649813652038574
officetrash_4,33,1,3,30,22.19548797607422,7.804512023925781
officetrash_4,33,2,25,8,1.9443690776824951,6.055630683898926
officetrash_4,33,3,27,6,5.033795356750488,0.9662046432495117
officetrash_5,32,1,2,30,35.40425109863281,5.4042510986328125
officetrash_5,32,2,37,-5,-1.7241920232772827,3.2758078575134277
officetrash_6,24,1,0,24,15.57541275024414,8.42458724975586
officetrash_6,24,2,16,8,7.949568271636963,0.05043172836303711
officetrash_7,31,1,1,30,15.473793029785156,14.526206970214844
officetrash_7,31,2,16,15,15.350831985473633,0.3508319854736328
officetrash_8,25,1,0,25,9.900664329528809,15.099335670471191
officetrash_8,25,2,10,15,10.458815574645996,4.541184425354004
outdoorsbalcony1_0,24,1,0,24,26.5343074798584,2.5343074798583984
outdoorsbalcony1_1,23,1,0,23,45.78619384765625,22.78619384765625
outdoorsbalcony1_1,23,2,46,-23,-6.559004306793213,16.440996170043945
outdoorsbalcony1_1,23,3,39,-16,-13.15070629119873,2.8492937088012695
outdoorsbalcony1_2,33,1,3,30,54.680118560791016,24.680118560791016
outdoorsbalcony1_2,33,2,48,-15,-7.309024333953857,7.690975666046143
outdoorsbalcony1_2,33,3,41,-8,-4.041306018829346,3.9586939811706543
outdoorsbalcony1_3,44,1,14,30,25.571557998657227,4.428442001342773
outdoorsbalcony1_4,29,1,0,29,23.35212516784668,5.64787483215332
outdoorsbalcony1_4,29,2,23,6,0.8159660696983337,5.1840338706970215
outdoorsbalcony1_4,29,3,24,5,-0.8284383416175842,5.8284382820129395
outdoorsbalcony1_4,29,4,23,6,4.396834373474121,1.603165626525879
outdoorsbalcony1_6,29,1,0,29,17.590635299682617,11.409364700317383
outdoorsbalcony1_6,29,2,18,11,15.38161849975586,4.381618499755859
outdoorsbalcony1_9,38,1,8,30,17.205646514892578,12.794353485107422
outdoorsbalcony1_9,38,2,25,13,12.913023948669434,0.0869760513305664
outdoorsbalcony2_0,23,1,0,23,20.380409240722656,2.6195907592773438
outdoorsbalcony2_1,27,1,0,27,8.951194763183594,18.048805236816406
outdoorsbalcony2_1,27,2,9,18,11.634678840637207,6.365321159362793
outdoorsbalcony2_1,27,3,21,6,4.848833084106445,1.1511669158935547
outdoorsbalcony2_2,34,1,4,30,15.980779647827148,14.019220352172852
outdoorsbalcony2_2,34,2,20,14,2.71929669380188,11.2807035446167
outdoorsbalcony2_2,34,3,23,11,9.770047187805176,1.2299528121948242
outdoorsbalcony2_4,21,1,0,21,13.620695114135742,7.379304885864258
outdoorsbalcony2_4,21,2,14,7,-0.8039352893829346,7.8039350509643555
outdoorsbalcony2_4,21,3,13,8,3.785893201828003,4.214106559753418
outdoorsbalcony2_5,23,1,0,23,13.008931159973145,9.991068840026855
outdoorsbalcony2_5,23,2,13,10,9.117408752441406,0.8825912475585938
outdoorsbalcony2_6,26,1,0,26,22.19355583190918,3.8064441680908203
outdoorsbalcony2_7,27,1,0,27,17.685110092163086,9.314889907836914
outdoorsbalcony2_7,27,2,18,9,8.982982635498047,0.017017364501953125
outdoorsbalcony2_8,24,1,0,24,38.16213607788086,14.16213607788086
outdoorsbalcony2_8,24,2,38,-14,-12.35147762298584,1.6485223770141602
outdoorsbalcony2_9,21,1,0,21,10.44197940826416,10.55802059173584
outdoorsbalcony2_9,21,2,10,11,8.80179500579834,2.19820499420166
outdoorsfossils_3,24,1,0,24,10.665932655334473,13.334067344665527
outdoorsfossils_3,24,2,11,13,-0.016864029690623283,13.016863822937012
outdoorsfossils_3,24,3,11,13,6.818455696105957,6.181544303894043
outdoorsfossils_3,24,4,18,6,1.5408682823181152,4.459131717681885
outdoorsfossils_5,25,1,0,25,14.291589736938477,10.708410263061523
outdoorsfossils_5,25,2,14,11,3.8412907123565674,7.158709526062012
outdoorsfossils_5,25,3,18,7,-3.4926486015319824,10.49264907836914
outdoorsfossils_5,25,4,15,10,0.25562813878059387,9.74437141418457
outdoorsfossils_5,25,5,15,10,-2.473423719406128,12.473423957824707
outdoorsfossils_5,25,6,13,12,0.11514852195978165,11.884851455688477
outdoorsfossils_5,25,7,13,12,2.8736371994018555,9.126362800598145
outdoorsfossils_6,24,1,0,24,18.178516387939453,5.821483612060547
outdoorsfossils_6,24,2,18,6,7.0996222496032715,1.0996222496032715
outdoorsfossils_7,23,1,0,23,14.368796348571777,8.631203651428223
outdoorsfossils_7,23,2,14,9,5.396549701690674,3.603450298309326
outdoorsfossils_8,24,1,0,24,11.725569725036621,12.274430274963379
outdoorsfossils_8,24,2,12,12,6.832314491271973,5.167685508728027
outdoorsfossils_8,24,3,19,5,5.83378267288208,0.8337826728820801
outdoorsfossils_9,25,1,0,25,24.07766342163086,0.9223365783691406
outdoorsplants_0,37,1,7,30,29.52895736694336,0.4710426330566406
outdoorsplants_1,34,1,4,30,21.107481002807617,8.892518997192383
outdoorsplants_1,34,2,25,9,13.844409942626953,4.844409942626953
outdoorsplants_2,32,1,2,30,14.659958839416504,15.340041160583496
outdoorsplants_2,32,2,17,15,27.771026611328125,12.771026611328125
outdoorsplants_2,32,3,45,-13,13.971184730529785,26.97118377685547
outdoorsplants_2,32,4,48,-16,11.160208702087402,27.16020965576172
outdoorsplants_2,32,5,48,-16,14.376314163208008,30.376314163208008
outdoorsplants_2,32,6,48,-16,11.506021499633789,27.50602149963379
outdoorsplants_2,32,7,48,-16,13.053302764892578,29.053302764892578
outdoorsplants_3,23,1,0,23,24.101585388183594,1.1015853881835938
outdoorsplants_6,25,1,0,25,35.98835754394531,10.988357543945312
outdoorsplants_6,25,2,36,-11,-10.255585670471191,0.7444143295288086
outdoorsplants_7,19,1,0,19,17.602949142456055,1.3970508575439453
outdoorsplants_8,20,1,0,20,15.07584285736084,4.92415714263916
outdoorsplants_9,23,1,0,23,25.96276092529297,2.9627609252929688
photobox1_0,22,1,0,22,11.886087417602539,10.113912582397461
photobox1_0,22,2,12,10,-0.0763334184885025,10.076333045959473
photobox1_0,22,3,12,10,8.965003967285156,1.0349960327148438
photobox1_1,22,1,0,22,12.517563819885254,9.482436180114746
photobox1_1,22,2,13,9,4.727632522583008,4.272367477416992
photobox1_2,22,1,0,22,21.251461029052734,0.7485389709472656
photobox1_3,23,1,0,23,22.03487205505371,0.9651279449462891
photobox1_4,21,1,0,21,19.15596580505371,1.844034194946289
photobox1_5,22,1,0,22,20.221364974975586,1.778635025024414
photobox1_6,23,1,0,23,-1.8871228694915771,24.887123107910156
photobox1_6,23,2,0,23,-6.497971057891846,29.497970581054688
photobox1_6,23,3,0,23,-3.490683078765869,26.49068260192871
photobox1_6,23,4,0,23,0.7837024927139282,22.216297149658203
photobox1_6,23,5,1,22,10.696491241455078,11.303508758544922
photobox1_6,23,6,12,11,-3.5664877891540527,14.566488265991211
photobox1_6,23,7,8,15,8.328055381774902,6.671944618225098
photobox1_7,22,1,0,22,41.640960693359375,19.640960693359375
photobox1_7,22,2,42,-20,-11.112434387207031,8.887565612792969
photobox1_7,22,3,31,-9,-10.774038314819336,1.774038314819336
photobox1_8,22,1,0,22,16.6937313079834,5.306268692016602
photobox1_8,22,2,17,5,5.821608543395996,0.8216085433959961
photobox1_9,26,1,0,26,20.90460777282715,5.095392227172852
photobox1_9,26,2,21,5,5.300722122192383,0.3007221221923828
photobox2_0,23,1,0,23,17.182912826538086,5.817087173461914
photobox2_0,23,2,17,6,6.778783321380615,0.7787833213806152
photobox2_1,23,1,0,23,12.50727367401123,10.49272632598877
photobox2_1,23,2,13,10,4.678176403045654,5.321823596954346
photobox2_1,23,3,18,5,0.8992735743522644,4.10072660446167
photobox2_2,23,1,0,23,31.885356903076172,8.885356903076172
photobox2_2,23,2,32,-9,-10.755456924438477,1.7554569244384766
photobox2_3,23,1,0,23,20.34714698791504,2.652853012084961
photobox2_4,24,1,0,24,21.073060989379883,2.926939010620117
photobox2_5,26,1,0,26,8.073588371276855,17.926410675048828
photobox2_5,26,2,8,18,12.242819786071777,5.757180213928223
photobox2_5,26,3,20,6,2.5411131381988525,3.4588868618011475
photobox2_6,22,1,0,22,8.698019027709961,13.301980972290039
photobox2_6,22,2,9,13,6.089422702789307,6.910577297210693
photobox2_6,22,3,15,7,2.8147454261779785,4.1852545738220215
photobox2_7,22,1,0,22,23.32778549194336,1.3277854919433594
photobox2_8,29,1,0,29,57.460391998291016,28.460391998291016
photobox2_8,29,2,48,-19,-11.440369606018066,7.559630393981934
photobox2_8,29,3,37,-8,5.45253324508667,13.452533721923828
photobox2_8,29,4,42,-13,-6.7333526611328125,6.2666473388671875
photobox2_8,29,5,35,-6,5.65221643447876,11.652215957641602
photobox2_8,29,6,41,-12,-7.012073040008545,4.987926959991455
photobox2_9,23,1,0,23,35.06827926635742,12.068279266357422
photobox2_9,23,2,35,-12,-17.73090171813965,5.730901718139648
photobox2_9,23,3,17,6,3.9782936573028564,2.0217063426971436
randomsurplus_0,19,1,0,19,5.8491692543029785,13.15083122253418
randomsurplus_0,19,2,6,13,-2.421074151992798,15.421073913574219
randomsurplus_0,19,3,4,15,-7.585815906524658,22.5858154296875
randomsurplus_0,19,4,0,19,6.627039909362793,12.372960090637207
randomsurplus_0,19,5,7,12,10.63158130645752,1.3684186935424805
randomsurplus_1,41,1,11,30,26.24301528930664,3.7569847106933594
randomsurplus_2,20,1,0,20,15.634478569030762,4.365521430969238
randomsurplus_3,29,1,0,29,12.477071762084961,16.52292823791504
randomsurplus_3,29,2,12,17,24.083284378051758,7.083284378051758
randomsurplus_3,29,3,36,-7,0.6814366579055786,7.681436538696289
randomsurplus_3,29,4,37,-8,-3.947230100631714,4.052769660949707
randomsurplus_4,29,1,0,29,30.602275848388672,1.6022758483886719
randomsurplus_5,21,1,0,21,17.984161376953125,3.015838623046875
randomsurplus_6,22,1,0,22,5.730422019958496,16.269577026367188
randomsurplus_6,22,2,6,16,6.568274974822998,9.431724548339844
randomsurplus_6,22,3,13,9,3.6504790782928467,5.349520683288574
randomsurplus_6,22,4,17,5,1.7604399919509888,3.239560127258301
randomsurplus_7,22,1,0,22,21.123971939086914,0.8760280609130859
randomsurplus_8,28,1,0,28,7.037155628204346,20.962844848632812
randomsurplus_8,28,2,7,21,25.708040237426758,4.708040237426758
randomsurplus_9,28,1,0,28,24.715625762939453,3.284374237060547
secondfloorbalcony_0,32,1,2,30,19.726627349853516,10.273372650146484
secondfloorbalcony_0,32,2,22,10,6.107978820800781,3.8920211791992188
secondfloorbalcony_1,34,1,4,30,44.062347412109375,14.062347412109375
secondfloorbalcony_1,34,2,48,-14,-6.9718708992004395,7.0281291007995605
secondfloorbalcony_1,34,3,41,-7,-7.4188761711120605,0.41887617111206055
secondfloorbalcony_3,20,1,0,20,5.8975701332092285,14.10243034362793
secondfloorbalcony_3,20,2,6,14,-0.8945713043212891,14.894571304321289
secondfloorbalcony_3,20,3,5,15,7.039775848388672,7.960224151611328
secondfloorbalcony_3,20,4,12,8,0.8563522100448608,7.14364767074585
secondfloorbalcony_3,20,5,13,7,-1.101310133934021,8.101309776306152
secondfloorbalcony_3,20,6,12,8,2.000129461288452,5.999870300292969
secondfloorbalcony_3,20,7,14,6,-2.1221275329589844,8.122127532958984
secondfloorbalcony_4,23,1,0,23,11.218423843383789,11.781576156616211
secondfloorbalcony_4,23,2,11,12,-3.6288349628448486,15.62883472442627
secondfloorbalcony_4,23,3,7,16,5.492365837097168,10.507634162902832
secondfloorbalcony_4,23,4,12,11,-5.327541828155518,16.32754135131836
secondfloorbalcony_4,23,5,7,16,18.30504035949707,2.3050403594970703
secondfloorbalcony_6,23,1,0,23,27.221845626831055,4.221845626831055
secondfloorbalcony_7,19,1,0,19,8.683943748474121,10.316056251525879
secondfloorbalcony_7,19,2,9,10,3.110445499420166,6.889554500579834
secondfloorbalcony_7,19,3,12,7,5.130717754364014,1.8692822456359863
secondfloorbalcony_8,19,1,0,19,18.216758728027344,0.7832412719726562
secondfloorbalcony_9,21,1,0,21,10.800701141357422,10.199298858642578
secondfloorbalcony_9,21,2,11,10,5.681809902191162,4.318190097808838
tableroom_0,19,1,0,19,5.940221309661865,13.059778213500977
tableroom_0,19,2,6,13,18.30231475830078,5.302314758300781
tableroom_0,19,3,24,-5,-8.194286346435547,3.194286346435547
tableroom_1,22,1,0,22,20.056167602539062,1.9438323974609375
tableroom_2,44,1,14,30,30.993505477905273,0.9935054779052734
tableroom_3,33,1,3,30,15.213794708251953,14.786205291748047
tableroom_3,33,2,18,15,12.181449890136719,2.8185501098632812
tableroom_4,45,1,15,30,30.04412269592285,0.04412269592285156
tableroom_5,33,1,3,30,18.546178817749023,11.453821182250977
tableroom_5,33,2,22,11,9.745105743408203,1.2548942565917969
