filename,CorrectPosition,focus_time,index,label,pred,loss
home1_0,29,1,48,-19,-8.378918647766113,10.621081352233887
home1_0,29,2,40,-11,-8.395069122314453,2.604930877685547
home1_1,23,1,43,-20,-9.309775352478027,10.690224647521973
home1_1,23,2,34,-11,-9.093767166137695,1.9062328338623047
home1_2,37,1,48,-11,-6.493431568145752,4.506568431854248
home1_3,32,1,48,-16,-10.185247421264648,5.814752578735352
home1_3,32,2,38,-6,2.576070785522461,8.576070785522461
home1_3,32,3,41,-9,-2.239110231399536,6.760890007019043
home1_3,32,4,39,-7,0.580247163772583,7.580246925354004
home1_3,32,5,40,-8,-1.0487045049667358,6.951295375823975
home1_3,32,6,39,-7,1.1264731884002686,8.126473426818848
home1_3,32,7,40,-8,-4.832571506500244,3.167428493499756
home1_4,47,1,48,-1,-5.190315246582031,4.190315246582031
home1_5,47,1,48,-1,4.786197185516357,5.786197185516357
home1_5,47,2,48,-1,4.3013763427734375,5.3013763427734375
home1_5,47,3,48,-1,-3.3277409076690674,2.3277409076690674
home1_6,34,1,48,-14,-11.471577644348145,2.5284223556518555
home1_8,29,1,48,-19,-8.714977264404297,10.285022735595703
home1_8,29,2,39,-10,-3.8614723682403564,6.138527870178223
home1_8,29,3,35,-6,-4.825463771820068,1.1745362281799316
home1_9,26,1,46,-20,-12.432097434997559,7.567902565002441
home1_9,26,2,34,-8,-10.49310302734375,2.49310302734375
home2_0,38,1,48,-10,-9.45669937133789,0.5433006286621094
home2_2,43,1,48,-5,0.7159384489059448,5.715938568115234
home2_2,43,2,48,-5,1.3927159309387207,6.392715930938721
home2_2,43,3,48,-5,2.6264028549194336,7.626402854919434
home2_2,43,4,48,-5,5.398746490478516,10.398746490478516
home2_2,43,5,48,-5,1.5632398128509521,6.563240051269531
home2_2,43,6,48,-5,-3.9710533618927,1.0289466381072998
home2_3,31,1,48,-17,-1.1888700723648071,15.811129570007324
home2_3,31,2,47,-16,-1.2490745782852173,14.750925064086914
home2_3,31,3,46,-15,2.6650233268737793,17.665023803710938
home2_3,31,4,48,-17,3.0026936531066895,20.00269317626953
home2_3,31,5,48,-17,0.27507665753364563,17.275075912475586
home2_3,31,6,48,-17,2.363621473312378,19.36362075805664
home2_3,31,7,48,-17,1.4620155096054077,18.46201515197754
home2_3,31,8,48,-17,3.858746290206909,20.858745574951172
home2_3,31,9,48,-17,-2.4107160568237305,14.58928394317627
home2_3,31,10,46,-15,5.887364387512207,20.88736343383789
home2_4,34,1,48,-14,6.358887195587158,20.35888671875
home2_4,34,2,48,-14,4.193089008331299,18.19308853149414
home2_4,34,3,48,-14,4.570847034454346,18.570846557617188
home2_4,34,4,48,-14,1.4883779287338257,15.488377571105957
home2_4,34,5,48,-14,1.6914089918136597,15.69140911102295
home2_4,34,6,48,-14,4.888630390167236,18.888629913330078
home2_4,34,7,48,-14,4.534154891967773,18.534154891967773
home2_4,34,8,48,-14,4.458587646484375,18.458587646484375
home2_4,34,9,48,-14,-1.2188148498535156,12.781185150146484
home2_4,34,10,47,-13,2.618905782699585,15.618906021118164
home2_5,30,1,48,-18,-0.9643129706382751,17.035686492919922
home2_5,30,2,47,-17,3.0886390209198,20.088638305664062
home2_5,30,3,48,-18,-0.870635986328125,17.129364013671875
home2_5,30,4,47,-17,-2.750138759613037,14.249860763549805
home2_5,30,5,44,-14,-0.9877795577049255,13.01222038269043
home2_5,30,6,43,-13,0.9067054986953735,13.906705856323242
home2_5,30,7,44,-14,-0.5446792244911194,13.455320358276367
home2_5,30,8,43,-13,-2.275144338607788,10.724855422973633
home2_5,30,9,41,-11,1.203029990196228,12.20302963256836
home2_5,30,10,42,-12,5.931332111358643,17.931331634521484
home2_6,29,1,48,-19,0.027044052258133888,19.02704429626465
home2_6,29,2,48,-19,-2.5795178413391113,16.420482635498047
home2_6,29,3,45,-16,-1.1129498481750488,14.88705062866211
home2_6,29,4,44,-15,0.6970977187156677,15.697097778320312
home2_6,29,5,45,-16,-2.9527697563171387,13.047229766845703
home2_6,29,6,42,-13,-0.5080288052558899,12.491971015930176
home2_6,29,7,41,-12,-5.135653018951416,6.864346981048584
home2_6,29,8,36,-7,-1.6242152452468872,5.375784873962402
home2_6,29,9,34,-5,-1.025335669517517,3.9746642112731934
home2_7,34,1,48,-14,5.061065196990967,19.061065673828125
home2_7,34,2,48,-14,2.6113197803497314,16.61132049560547
home2_7,34,3,48,-14,3.766940116882324,17.76694107055664
home2_7,34,4,48,-14,4.209075450897217,18.209075927734375
home2_7,34,5,48,-14,1.8134571313858032,15.813457489013672
home2_7,34,6,48,-14,4.341917514801025,18.341917037963867
home2_7,34,7,48,-14,3.031024932861328,17.031024932861328
home2_7,34,8,48,-14,2.7201335430145264,16.72013282775879
home2_7,34,9,48,-14,2.97536301612854,16.97536277770996
home2_7,34,10,48,-14,1.911954641342163,15.911954879760742
home2_9,30,1,48,-18,-1.258486032485962,16.741514205932617
home2_9,30,2,47,-17,-10.197637557983398,6.802362442016602
home2_9,30,3,37,-7,-2.8005902767181396,4.199409484863281
microkitchen1_0,21,1,41,-20,-16.43781852722168,3.5621814727783203
microkitchen1_1,21,1,41,-20,-30.146575927734375,10.146575927734375
microkitchen1_1,21,2,11,10,11.062362670898438,1.0623626708984375
microkitchen1_2,21,1,41,-20,-19.81964874267578,0.18035125732421875
microkitchen1_3,24,1,44,-20,-11.417988777160645,8.582011222839355
microkitchen1_3,24,2,33,-9,-4.564448356628418,4.435551643371582
microkitchen1_4,25,1,45,-20,-7.42216157913208,12.577838897705078
microkitchen1_4,25,2,38,-13,-8.100875854492188,4.8991241455078125
microkitchen1_5,25,1,45,-20,-10.939516067504883,9.060483932495117
microkitchen1_5,25,2,34,-9,-5.86381721496582,3.1361827850341797
microkitchen1_6,25,1,45,-20,-11.728785514831543,8.271214485168457
microkitchen1_6,25,2,33,-8,-5.5466790199279785,2.4533209800720215
microkitchen1_7,20,1,40,-20,-11.58272647857666,8.41727352142334
microkitchen1_7,20,2,28,-8,-6.013137340545654,1.9868626594543457
microkitchen1_8,29,1,48,-19,-2.5947585105895996,16.405241012573242
microkitchen1_8,29,2,45,-16,-9.02496337890625,6.97503662109375
microkitchen1_8,29,3,36,-7,-2.957667827606201,4.042332172393799
microkitchen1_9,19,1,39,-20,-7.4616007804870605,12.538398742675781
microkitchen1_9,19,2,32,-13,-17.19674301147461,4.196743011474609
pillowroom1_0,25,1,45,-20,1.8358945846557617,21.835895538330078
pillowroom1_0,25,2,47,-22,1.945928931236267,23.9459285736084
pillowroom1_0,25,3,48,-23,-3.115190267562866,19.884809494018555
pillowroom1_0,25,4,45,-20,1.8549660444259644,21.854965209960938
pillowroom1_0,25,5,47,-22,1.42933988571167,23.429340362548828
pillowroom1_0,25,6,48,-23,1.3486508131027222,24.348649978637695
pillowroom1_0,25,7,48,-23,-3.199307441711426,19.80069351196289
pillowroom1_0,25,8,45,-20,-2.7851624488830566,17.2148380279541
pillowroom1_0,25,9,42,-17,3.917886257171631,20.91788673400879
pillowroom1_0,25,10,46,-21,-3.3391005992889404,17.660900115966797
pillowroom1_6,27,1,47,-20,-3.5170176029205322,16.482982635498047
pillowroom1_6,27,2,43,-16,-10.617688179016113,5.382311820983887
pillowroom1_6,27,3,32,-5,4.014487266540527,9.014487266540527
pillowroom1_6,27,4,36,-9,1.8496291637420654,10.849629402160645
pillowroom1_6,27,5,38,-11,-3.342759132385254,7.657240867614746
pillowroom1_6,27,6,35,-8,-3.0883708000183105,4.9116291999816895
pillowroom1_7,36,1,48,-12,9.533173561096191,21.533172607421875
pillowroom1_7,36,2,48,-12,-3.8533172607421875,8.146682739257812
pillowroom1_7,36,3,44,-8,10.76663589477539,18.76663589477539
pillowroom1_7,36,4,48,-12,-7.452897071838379,4.547102928161621
pillowroom1_8,34,1,48,-14,-9.209540367126465,4.790459632873535
pillowroom1_9,21,1,41,-20,-7.031614303588867,12.968385696411133
pillowroom1_9,21,2,34,-13,-2.319215774536133,10.680784225463867
pillowroom1_9,21,3,32,-11,3.0618090629577637,14.061809539794922
pillowroom1_9,21,4,35,-14,-1.5526758432388306,12.4473237991333
pillowroom1_9,21,5,33,-12,-6.745383262634277,5.254616737365723
pillowroom1_9,21,6,26,-5,4.367146968841553,9.367147445678711
pillowroom1_9,21,7,30,-9,7.4835286140441895,16.48352813720703
pillowroom1_9,21,8,37,-16,-2.045100450515747,13.954899787902832
pillowroom1_9,21,9,35,-14,-3.2106940746307373,10.789305686950684
pillowroom1_9,21,10,32,-11,-7.711652755737305,3.2883472442626953
secondfloorgames_0,20,1,40,-20,-6.398153781890869,13.601846694946289
secondfloorgames_0,20,2,34,-14,-10.256186485290527,3.7438135147094727
secondfloorgames_1,24,1,44,-20,8.477546691894531,28.47754669189453
secondfloorgames_1,24,2,48,-24,21.752212524414062,45.75221252441406
secondfloorgames_1,24,3,48,-24,3.5680971145629883,27.568096160888672
secondfloorgames_1,24,4,48,-24,11.870609283447266,35.870609283447266
secondfloorgames_1,24,5,48,-24,2.711221694946289,26.71122169494629
secondfloorgames_1,24,6,48,-24,-3.7170968055725098,20.28290367126465
secondfloorgames_1,24,7,44,-20,19.272235870361328,39.27223587036133
secondfloorgames_1,24,8,48,-24,12.60928726196289,36.60928726196289
secondfloorgames_1,24,9,48,-24,9.721244812011719,33.72124481201172
secondfloorgames_1,24,10,48,-24,18.224163055419922,42.22416305541992
secondfloorgames_2,30,1,48,-18,-21.920080184936523,3.9200801849365234
secondfloorgames_3,23,1,43,-20,-5.537935256958008,14.462064743041992
secondfloorgames_3,23,2,37,-14,-9.04605484008789,4.953945159912109
secondfloorgames_4,22,1,42,-20,-38.8177375793457,18.817737579345703
secondfloorgames_4,22,2,3,19,12.251976013183594,6.748023986816406
secondfloorgames_4,22,3,15,7,4.554615020751953,2.445384979248047
secondfloorgames_5,24,1,44,-20,15.610945701599121,35.61094665527344
secondfloorgames_5,24,2,48,-24,40.16199493408203,64.16199493408203
secondfloorgames_5,24,3,48,-24,7.803426742553711,31.80342674255371
secondfloorgames_5,24,4,48,-24,-31.737255096435547,7.737255096435547
secondfloorgames_5,24,5,16,8,9.258163452148438,1.2581634521484375
secondfloorgames_6,19,1,39,-20,-1.8872401714324951,18.112760543823242
secondfloorgames_6,19,2,37,-18,9.130858421325684,27.130859375
secondfloorgames_6,19,3,46,-27,17.573741912841797,44.5737419128418
secondfloorgames_6,19,4,48,-29,-14.735725402832031,14.264274597167969
secondfloorgames_6,19,5,33,-14,-12.832015991210938,1.1679840087890625
secondfloorgames_7,20,1,40,-20,-17.74662208557129,2.253377914428711
secondfloorgames_8,23,1,43,-20,-6.894381999969482,13.10561752319336
secondfloorgames_8,23,2,36,-13,-11.204118728637695,1.7958812713623047
apt1_0,25,1,45,-20,-11.02946949005127,8.97053050994873
apt1_0,25,2,34,-9,-7.3774495124816895,1.6225504875183105
apt1_1,21,1,41,-20,-11.673874855041504,8.326125144958496
apt1_1,21,2,29,-8,-9.774515151977539,1.774515151977539
apt1_2,24,1,44,-20,-15.628223419189453,4.371776580810547
apt1_3,25,1,45,-20,-11.826859474182129,8.173140525817871
apt1_3,25,2,33,-8,-7.839535236358643,0.16046476364135742
apt1_4,23,1,43,-20,4.470733165740967,24.470733642578125
apt1_4,23,2,47,-24,1.0298879146575928,25.029888153076172
apt1_4,23,3,48,-25,3.0011065006256104,28.00110626220703
apt1_4,23,4,48,-25,3.9270236492156982,28.92702293395996
apt1_4,23,5,48,-25,0.47839608788490295,25.478395462036133
apt1_4,23,6,48,-25,3.6181392669677734,28.618139266967773
apt1_4,23,7,48,-25,2.1926229000091553,27.192623138427734
apt1_4,23,8,48,-25,3.5470492839813232,28.547048568725586
apt1_4,23,9,48,-25,4.355203628540039,29.35520362854004
apt1_4,23,10,48,-25,4.4293131828308105,29.42931365966797
apt1_5,22,1,42,-20,4.283642292022705,24.283641815185547
apt1_5,22,2,46,-24,0.42264020442962646,24.422639846801758
apt1_5,22,3,46,-24,3.8349311351776123,27.834930419921875
apt1_5,22,4,48,-26,4.588132858276367,30.588132858276367
apt1_5,22,5,48,-26,-2.8225455284118652,23.177453994750977
apt1_5,22,6,45,-23,1.0603008270263672,24.060300827026367
apt1_5,22,7,46,-24,3.3539576530456543,27.353958129882812
apt1_5,22,8,48,-26,4.3576507568359375,30.357650756835938
apt1_5,22,9,48,-26,-0.03655000776052475,25.963449478149414
apt1_5,22,10,48,-26,4.60402250289917,30.604022979736328
apt1_6,20,1,40,-20,-21.22954750061035,1.2295475006103516
apt1_7,20,1,40,-20,-18.667236328125,1.332763671875
apt1_8,31,1,48,-17,-13.07837200164795,3.921627998352051
apt1_9,20,1,40,-20,-21.21419334411621,1.214193344116211
apt2_0,41,1,48,-7,-1.6350955963134766,5.364904403686523
apt2_0,41,2,46,-5,-3.1576037406921387,1.8423962593078613
apt2_1,20,1,40,-20,7.457176685333252,27.457176208496094
apt2_1,20,2,47,-27,22.228212356567383,49.22821044921875
apt2_1,20,3,48,-28,11.102750778198242,39.102752685546875
apt2_1,20,4,48,-28,9.870770454406738,37.87076950073242
apt2_1,20,5,48,-28,16.200618743896484,44.200618743896484
apt2_1,20,6,48,-28,2.8914005756378174,30.891401290893555
apt2_1,20,7,48,-28,6.5309367179870605,34.53093719482422
apt2_1,20,8,48,-28,14.333795547485352,42.33379364013672
apt2_1,20,9,48,-28,4.633711814880371,32.63371276855469
apt2_1,20,10,48,-28,24.165281295776367,52.165283203125
apt2_2,23,1,43,-20,-13.03396987915039,6.966030120849609
apt2_2,23,2,30,-7,2.7303004264831543,9.730300903320312
apt2_2,23,3,33,-10,-5.521947860717773,4.478052139282227
apt2_3,26,1,46,-20,-5.594873428344727,14.405126571655273
apt2_3,26,2,40,-14,5.881387233734131,19.88138771057129
apt2_3,26,3,46,-20,-6.827270030975342,13.1727294921875
apt2_3,26,4,39,-13,-11.851775169372559,1.1482248306274414
apt2_4,23,1,43,-20,-10.421069145202637,9.578930854797363
apt2_4,23,2,33,-10,-2.2376651763916016,7.762334823608398
apt2_4,23,3,31,-8,-5.964262008666992,2.035737991333008
apt2_5,26,1,46,-20,-3.95961332321167,16.040386199951172
apt2_5,26,2,42,-16,-3.8423314094543457,12.157669067382812
apt2_5,26,3,38,-12,4.81099796295166,16.810997009277344
apt2_5,26,4,43,-17,-5.393929958343506,11.606069564819336
apt2_5,26,5,38,-12,-4.025547027587891,7.974452972412109
apt2_5,26,6,34,-8,2.357581853866577,10.357582092285156
apt2_5,26,7,36,-10,-4.052014350891113,5.947985649108887
apt2_5,26,8,32,-6,0.7992911338806152,6.799291133880615
apt2_5,26,9,33,-7,0.9256475567817688,7.925647735595703
apt2_5,26,10,34,-8,-8.578327178955078,0.5783271789550781
apt2_6,23,1,43,-20,10.2476167678833,30.247615814208984
apt2_6,23,2,48,-25,-4.14283561706543,20.85716438293457
apt2_6,23,3,44,-21,14.357829093933105,35.35783004760742
apt2_6,23,4,48,-25,-1.9852162599563599,23.01478385925293
apt2_6,23,5,46,-23,6.989046573638916,29.989046096801758
apt2_6,23,6,48,-25,-10.708231925964355,14.291768074035645
apt2_6,23,7,37,-14,-2.308427095413208,11.691573143005371
apt2_6,23,8,35,-12,-3.3607356548309326,8.639264106750488
apt2_6,23,9,32,-9,-3.2855920791625977,5.714407920837402
apt2_6,23,10,29,-6,-7.704739570617676,1.7047395706176758
apt2_7,31,1,48,-17,-9.853060722351074,7.146939277648926
apt2_7,31,2,38,-7,-1.6830708980560303,5.316928863525391
apt2_7,31,3,36,-5,-10.887049674987793,5.887049674987793
apt2_7,31,4,25,6,2.35920786857605,3.64079213142395
apt2_8,40,1,48,-8,-6.286131858825684,1.7138681411743164
apt2_9,24,1,44,-20,1.7406182289123535,21.740617752075195
apt2_9,24,2,46,-22,-5.941227436065674,16.058773040771484
apt2_9,24,3,40,-16,-2.784830093383789,13.215169906616211
apt2_9,24,4,37,-13,-5.057291030883789,7.942708969116211
apt2_9,24,5,32,-8,3.139711856842041,11.139711380004883
apt2_9,24,6,35,-11,2.9747250080108643,13.974724769592285
apt2_9,24,7,38,-14,-1.3213911056518555,12.678608894348145
apt2_9,24,8,37,-13,2.6002042293548584,15.600204467773438
apt2_9,24,9,40,-16,-1.5770386457443237,14.422961235046387
apt2_9,24,10,38,-14,-0.2854308485984802,13.714569091796875
books_0,27,1,47,-20,-10.549756050109863,9.450243949890137
books_0,27,2,36,-9,-9.051898002624512,0.05189800262451172
books_1,26,1,46,-20,12.273520469665527,32.273521423339844
books_1,26,2,48,-22,0.8037981390953064,22.80379867553711
books_1,26,3,48,-22,-3.206648588180542,18.793352127075195
books_1,26,4,45,-19,11.203100204467773,30.203100204467773
books_1,26,5,48,-22,-2.602398157119751,19.397602081298828
books_1,26,6,45,-19,2.7696328163146973,21.76963233947754
books_1,26,7,48,-22,-2.978909969329834,19.021089553833008
books_1,26,8,45,-19,-2.097705602645874,16.902294158935547
books_1,26,9,43,-17,3.1678481101989746,20.167848587036133
books_1,26,10,46,-20,-6.55499267578125,13.44500732421875
books_2,22,1,42,-20,-7.091567039489746,12.908432960510254
books_2,22,2,35,-13,-8.285788536071777,4.714211463928223
books_3,23,1,43,-20,-14.237210273742676,5.762789726257324
books_3,23,2,29,-6,-9.036613464355469,3.0366134643554688
books_4,24,1,44,-20,-6.675325870513916,13.324674606323242
books_4,24,2,37,-13,-11.416543006896973,1.5834569931030273
books_5,22,1,42,-20,-19.605365753173828,0.3946342468261719
books_6,20,1,40,-20,9.460664749145508,29.460664749145508
books_6,20,2,48,-28,8.871197700500488,36.87119674682617
books_6,20,3,48,-28,-2.7547225952148438,25.245277404785156
books_6,20,4,45,-25,8.802909851074219,33.80290985107422
books_6,20,5,48,-28,5.5208001136779785,33.52080154418945
books_6,20,6,48,-28,9.326359748840332,37.326358795166016
books_6,20,7,48,-28,1.428048014640808,29.42804718017578
books_6,20,8,48,-28,-8.622282028198242,19.377717971801758
books_6,20,9,39,-19,1.3464136123657227,20.346412658691406
books_6,20,10,40,-20,2.1787261962890625,22.178726196289062
books_7,26,1,46,-20,3.539393186569214,23.539392471313477
books_7,26,2,48,-22,4.880682945251465,26.88068389892578
books_7,26,3,48,-22,4.68475866317749,26.68475914001465
books_7,26,4,48,-22,6.011707782745361,28.011707305908203
books_7,26,5,48,-22,6.269997596740723,28.269996643066406
books_7,26,6,48,-22,4.636075496673584,26.636075973510742
books_7,26,7,48,-22,5.714171409606934,27.71417236328125
books_7,26,8,48,-22,4.680068016052246,26.680068969726562
books_7,26,9,48,-22,5.219840049743652,27.21984100341797
books_7,26,10,48,-22,6.13074254989624,28.1307430267334
books_8,23,1,43,-20,5.474211692810059,25.474212646484375
books_8,23,2,48,-25,2.244145631790161,27.2441463470459
books_8,23,3,48,-25,4.6144843101501465,29.614484786987305
books_8,23,4,48,-25,6.210381031036377,31.21038055419922
books_8,23,5,48,-25,4.142796516418457,29.14279556274414
books_8,23,6,48,-25,5.948877334594727,30.948877334594727
books_8,23,7,48,-25,4.545849323272705,29.545848846435547
books_8,23,8,48,-25,3.6563353538513184,28.656335830688477
books_8,23,9,48,-25,5.655574798583984,30.655574798583984
books_8,23,10,48,-25,5.224956035614014,30.224956512451172
books_9,27,1,47,-20,-12.86084270477295,7.139157295227051
books_9,27,2,34,-7,-1.654141902923584,5.345858097076416
books_9,27,3,32,-5,1.632568120956421,6.632568359375
books_9,27,4,34,-7,-6.05653190612793,0.9434680938720703
bottles_0,22,1,42,-20,-17.41344451904297,2.5865554809570312
bottles_1,23,1,43,-20,-22.873111724853516,2.8731117248535156
bottles_2,22,1,42,-20,-15.621556282043457,4.378443717956543
bottles_3,30,1,48,-18,11.44482421875,29.44482421875
bottles_3,30,2,48,-18,9.5615816116333,27.561580657958984
bottles_3,30,3,48,-18,-3.4011178016662598,14.598882675170898
bottles_3,30,4,45,-15,12.581548690795898,27.5815486907959
bottles_3,30,5,48,-18,-4.1060566902160645,13.893943786621094
bottles_3,30,6,44,-14,30.128366470336914,44.12836456298828
bottles_3,30,7,48,-18,-5.301011562347412,12.69898796081543
bottles_3,30,8,43,-13,1.965885877609253,14.965886116027832
bottles_3,30,9,45,-15,-11.957850456237793,3.042149543762207
bottles_4,25,1,45,-20,-6.92833948135376,13.071660995483398
bottles_4,25,2,38,-13,-5.330941200256348,7.669058799743652
bottles_4,25,3,33,-8,-5.543336391448975,2.4566636085510254
bottles_5,27,1,47,-20,-3.8730783462524414,16.126922607421875
bottles_5,27,2,43,-16,-2.157376289367676,13.842623710632324
bottles_5,27,3,41,-14,-1.6082512140274048,12.391748428344727
bottles_5,27,4,39,-12,-3.711884021759033,8.288116455078125
bottles_5,27,5,35,-8,-8.837959289550781,0.8379592895507812
bottles_6,27,1,47,-20,4.785147666931152,24.78514862060547
bottles_6,27,2,48,-21,-6.806209564208984,14.193790435791016
bottles_6,27,3,41,-14,4.283964157104492,18.283964157104492
bottles_6,27,4,45,-18,5.199460983276367,23.199460983276367
bottles_6,27,5,48,-21,-4.992156028747559,16.007843017578125
bottles_6,27,6,43,-16,-4.740478992462158,11.259521484375
bottles_6,27,7,38,-11,1.088200569152832,12.088200569152832
bottles_6,27,8,39,-12,-7.378492832183838,4.621507167816162
bottles_7,27,1,47,-20,-2.447133779525757,17.552865982055664
bottles_7,27,2,45,-18,-8.934731483459473,9.065268516540527
bottles_7,27,3,36,-9,-3.1919286251068115,5.808071136474609
bottles_7,27,4,33,-6,-8.013421058654785,2.013421058654785
bottles_8,25,1,45,-20,-5.864992141723633,14.135007858276367
bottles_8,25,2,39,-14,-2.4995274543762207,11.500473022460938
bottles_8,25,3,37,-12,-9.639318466186523,2.3606815338134766
campusoutdoors1_0,20,1,40,-20,-25.973392486572266,5.973392486572266
campusoutdoors1_0,20,2,14,6,4.035355091094971,1.9646449089050293
campusoutdoors1_1,20,1,40,-20,9.032154083251953,29.032154083251953
campusoutdoors1_1,20,2,48,-28,-13.50666618347168,14.49333381652832
campusoutdoors1_1,20,3,34,-14,-27.064586639404297,13.064586639404297
campusoutdoors1_1,20,4,7,13,23.379892349243164,10.379892349243164
campusoutdoors1_1,20,5,30,-10,8.48962116241455,18.489620208740234
campusoutdoors1_1,20,6,38,-18,-17.71988868713379,0.28011131286621094
campusoutdoors1_2,22,1,42,-20,6.930054187774658,26.9300537109375
campusoutdoors1_2,22,2,48,-26,-8.922225952148438,17.077774047851562
campusoutdoors1_2,22,3,39,-17,3.9745874404907227,20.974586486816406
campusoutdoors1_2,22,4,43,-21,14.38934326171875,35.38934326171875
campusoutdoors1_2,22,5,48,-26,-24.336965560913086,1.663034439086914
campusoutdoors1_3,20,1,40,-20,-17.422203063964844,2.5777969360351562
campusoutdoors1_4,22,1,42,-20,-16.547809600830078,3.452190399169922
campusoutdoors1_5,22,1,42,-20,-13.275146484375,6.724853515625
campusoutdoors1_5,22,2,29,-7,-7.369580268859863,0.3695802688598633
campusoutdoors1_6,27,1,47,-20,-6.476004600524902,13.523995399475098
campusoutdoors1_6,27,2,41,-14,-14.468740463256836,0.46874046325683594
campusoutdoors1_8,19,1,39,-20,-3.331851005554199,16.668148040771484
campusoutdoors1_8,19,2,36,-17,-7.862216472625732,9.13778305053711
campusoutdoors1_8,19,3,28,-9,-7.38559103012085,1.6144089698791504
campusoutdoors1_9,19,1,39,-20,17.029666900634766,37.029666900634766
campusoutdoors1_9,19,2,48,-29,5.917899131774902,34.91790008544922
campusoutdoors1_9,19,3,48,-29,4.347588539123535,33.34758758544922
campusoutdoors1_9,19,4,48,-29,-1.1422755718231201,27.857725143432617
campusoutdoors1_9,19,5,47,-28,8.440951347351074,36.44095230102539
campusoutdoors1_9,19,6,48,-29,11.028535842895508,40.028533935546875
campusoutdoors1_9,19,7,48,-29,22.102893829345703,51.1028938293457
campusoutdoors1_9,19,8,48,-29,4.094412803649902,33.09441375732422
campusoutdoors1_9,19,9,48,-29,14.90192985534668,43.90193176269531
campusoutdoors1_9,19,10,48,-29,31.293899536132812,60.29389953613281
campusoutdoors2_0,20,1,40,-20,-6.078464031219482,13.92153549194336
campusoutdoors2_0,20,2,34,-14,-6.943182945251465,7.056817054748535
campusoutdoors2_0,20,3,27,-7,-7.058692932128906,0.05869293212890625
campusoutdoors2_1,42,1,48,-6,-5.992092609405518,0.007907390594482422
campusoutdoors2_3,31,1,48,-17,-13.749799728393555,3.2502002716064453
campusoutdoors2_4,29,1,48,-19,-1.3017292022705078,17.698270797729492
campusoutdoors2_4,29,2,47,-18,-8.959915161132812,9.040084838867188
campusoutdoors2_4,29,3,38,-9,-9.941139221191406,0.9411392211914062
campusoutdoors2_5,32,1,48,-16,-4.814842224121094,11.185157775878906
campusoutdoors2_5,32,2,43,-11,-12.995620727539062,1.9956207275390625
campusoutdoors2_6,22,1,42,-20,6.746244430541992,26.746244430541992
campusoutdoors2_6,22,2,48,-26,-3.29583477973938,22.704164505004883
campusoutdoors2_6,22,3,45,-23,6.418182373046875,29.418182373046875
campusoutdoors2_6,22,4,48,-26,-11.039743423461914,14.960256576538086
campusoutdoors2_6,22,5,37,-15,10.012407302856445,25.012407302856445
campusoutdoors2_6,22,6,47,-25,10.849970817565918,35.849971771240234
campusoutdoors2_6,22,7,48,-26,-1.8036751747131348,24.196325302124023
campusoutdoors2_6,22,8,46,-24,11.711979866027832,35.711978912353516
campusoutdoors2_6,22,9,48,-26,-10.320518493652344,15.679481506347656
campusoutdoors2_6,22,10,38,-16,8.171563148498535,24.17156219482422
campusoutdoors2_7,23,1,43,-20,-0.05393406003713608,19.94606590270996
campusoutdoors2_7,23,2,43,-20,6.374223709106445,26.374223709106445
campusoutdoors2_7,23,3,48,-25,0.009183785878121853,25.009183883666992
campusoutdoors2_7,23,4,48,-25,-1.4405157566070557,23.559484481811523
campusoutdoors2_7,23,5,47,-24,-1.393540859222412,22.60645866394043
campusoutdoors2_7,23,6,46,-23,-8.765707969665527,14.234292030334473
campusoutdoors2_7,23,7,37,-14,14.122387886047363,28.122386932373047
campusoutdoors2_7,23,8,48,-25,5.603539943695068,30.603540420532227
campusoutdoors2_7,23,9,48,-25,11.710997581481934,36.71099853515625
campusoutdoors2_7,23,10,48,-25,2.1141345500946045,27.114133834838867
campusoutdoors2_8,23,1,43,-20,9.488144874572754,29.488143920898438
campusoutdoors2_8,23,2,48,-25,1.7807642221450806,26.780763626098633
campusoutdoors2_8,23,3,48,-25,-6.635916709899902,18.36408233642578
campusoutdoors2_8,23,4,41,-18,15.357892990112305,33.35789489746094
campusoutdoors2_8,23,5,48,-25,-6.5584211349487305,18.441577911376953
campusoutdoors2_8,23,6,41,-18,-10.488879203796387,7.511120796203613
campusoutdoors2_8,23,7,31,-8,1.9398983716964722,9.939898490905762
campusoutdoors2_8,23,8,33,-10,17.23311996459961,27.23311996459961
campusoutdoors2_8,23,9,48,-25,12.95678424835205,37.956783294677734
campusoutdoors2_8,23,10,48,-25,-3.18630051612854,21.81369972229004
campusoutdoors2_9,25,1,45,-20,18.88774871826172,38.88774871826172
campusoutdoors2_9,25,2,48,-23,0.5087998509407043,23.508800506591797
campusoutdoors2_9,25,3,48,-23,2.4863007068634033,25.48630142211914
campusoutdoors2_9,25,4,48,-23,0.2564215064048767,23.25642204284668
campusoutdoors2_9,25,5,48,-23,4.951727867126465,27.95172882080078
campusoutdoors2_9,25,6,48,-23,24.7753849029541,47.77538299560547
campusoutdoors2_9,25,7,48,-23,-3.2820487022399902,19.71795082092285
campusoutdoors2_9,25,8,45,-20,14.759763717651367,34.759765625
campusoutdoors2_9,25,9,48,-23,6.651326656341553,29.65132713317871
campusoutdoors2_9,25,10,48,-23,6.577057838439941,29.577056884765625
fakeplants_0,24,1,44,-20,0.5340858697891235,20.534086227416992
fakeplants_0,24,2,45,-21,-1.111995816230774,19.888004302978516
fakeplants_0,24,3,44,-20,5.460110187530518,25.46010971069336
fakeplants_0,24,4,48,-24,0.8978233933448792,24.897823333740234
fakeplants_0,24,5,48,-24,-0.7047733068466187,23.29522705078125
fakeplants_0,24,6,47,-23,-5.478302001953125,17.521697998046875
fakeplants_0,24,7,42,-18,7.3277506828308105,25.32775115966797
fakeplants_0,24,8,48,-24,-2.39288330078125,21.60711669921875
fakeplants_0,24,9,46,-22,0.37799420952796936,22.377994537353516
fakeplants_0,24,10,46,-22,0.7828572988510132,22.78285789489746
fakeplants_1,21,1,41,-20,-13.976667404174805,6.023332595825195
fakeplants_1,21,2,27,-6,-7.6877336502075195,1.6877336502075195
fakeplants_2,21,1,41,-20,-8.265898704528809,11.734101295471191
fakeplants_2,21,2,33,-12,-5.059648513793945,6.940351486206055
fakeplants_2,21,3,28,-7,-1.2236735820770264,5.7763261795043945
fakeplants_2,21,4,27,-6,-4.907538414001465,1.0924615859985352
fakeplants_3,22,1,42,-20,1.4771324396133423,21.47713279724121
fakeplants_3,22,2,43,-21,0.8122879862785339,21.812288284301758
fakeplants_3,22,3,44,-22,0.19809168577194214,22.198091506958008
fakeplants_3,22,4,44,-22,2.045306444168091,24.045307159423828
fakeplants_3,22,5,46,-24,-1.008158564567566,22.99184226989746
fakeplants_3,22,6,45,-23,2.7385613918304443,25.738561630249023
fakeplants_3,22,7,48,-26,-3.4067671298980713,22.593233108520508
fakeplants_3,22,8,45,-23,0.7662169337272644,23.766216278076172
fakeplants_3,22,9,46,-24,3.143923044204712,27.143922805786133
fakeplants_3,22,10,48,-26,-1.7102527618408203,24.28974723815918
fakeplants_4,24,1,44,-20,-10.230765342712402,9.769234657287598
fakeplants_4,24,2,34,-10,-11.86738109588623,1.8673810958862305
fakeplants_5,21,1,41,-20,3.343231201171875,23.343231201171875
fakeplants_5,21,2,44,-23,-9.851428031921387,13.148571968078613
fakeplants_5,21,3,34,-13,-4.721468925476074,8.278531074523926
fakeplants_5,21,4,29,-8,-1.9070194959640503,6.09298038482666
fakeplants_5,21,5,27,-6,-1.4226670265197754,4.577332973480225
fakeplants_6,21,1,41,-20,-12.59058666229248,7.4094133377075195
fakeplants_6,21,2,28,-7,-7.401461601257324,0.4014616012573242
fakeplants_7,23,1,43,-20,-18.427343368530273,1.5726566314697266
fakeplants_8,21,1,41,-20,-10.246153831481934,9.753846168518066
fakeplants_8,21,2,31,-10,-6.20156192779541,3.79843807220459
fakeplants_9,21,1,41,-20,-5.155409812927246,14.844590187072754
fakeplants_9,21,2,36,-15,-10.243181228637695,4.756818771362305
garage2_0,22,1,42,-20,-17.521602630615234,2.4783973693847656
garage2_1,24,1,44,-20,-10.355216026306152,9.644783973693848
garage2_1,24,2,34,-10,-15.0269775390625,5.0269775390625
garage2_1,24,3,19,5,1.0973228216171265,3.902677059173584
garage2_2,31,1,48,-17,-8.2919282913208,8.7080717086792
garage2_2,31,2,40,-9,-5.0264177322387695,3.9735822677612305
garage2_4,24,1,44,-20,-17.750608444213867,2.249391555786133
garage2_6,26,1,46,-20,-2.790708541870117,17.209291458129883
garage2_6,26,2,43,-17,-11.217230796813965,5.782769203186035
garage2_6,26,3,32,-6,16.937366485595703,22.937366485595703
garage2_6,26,4,48,-22,15.078226089477539,37.078224182128906
garage2_6,26,5,48,-22,8.22640609741211,30.22640609741211
garage2_6,26,6,48,-22,-9.193206787109375,12.806793212890625
garage2_6,26,7,39,-13,9.486927032470703,22.486927032470703
garage2_6,26,8,48,-22,-3.771831512451172,18.228168487548828
garage2_6,26,9,44,-18,7.583542823791504,25.583541870117188
garage2_6,26,10,48,-22,-2.499312400817871,19.500686645507812
garage2_7,24,1,44,-20,-3.695857048034668,16.304141998291016
garage2_7,24,2,40,-16,-14.403681755065918,1.596318244934082
garage2_8,21,1,41,-20,-13.917632102966309,6.082367897033691
garage2_8,21,2,27,-6,-3.2112298011779785,2.7887701988220215
garage2_9,23,1,43,-20,3.221471071243286,23.221471786499023
garage2_9,23,2,46,-23,-7.174165725708008,15.825834274291992
garage2_9,23,3,39,-16,-11.636821746826172,4.363178253173828
garage_0,25,1,45,-20,-2.3463892936706543,17.653610229492188
garage_0,25,2,43,-18,6.1919379234313965,24.191938400268555
garage_0,25,3,48,-23,-2.1341500282287598,20.8658504486084
garage_0,25,4,46,-21,-8.33791732788086,12.66208267211914
garage_0,25,5,38,-13,-3.1477270126342773,9.852272987365723
garage_0,25,6,35,-10,-3.9352869987487793,6.064713001251221
garage_0,25,7,31,-6,-3.2422049045562744,2.7577950954437256
garage_1,27,1,47,-20,4.017860412597656,24.017860412597656
garage_1,27,2,48,-21,7.412753582000732,28.41275405883789
garage_1,27,3,48,-21,-2.19319486618042,18.806804656982422
garage_1,27,4,46,-19,-0.5911797881126404,18.40882110595703
garage_1,27,5,45,-18,3.163971185684204,21.163970947265625
garage_1,27,6,48,-21,-4.494428634643555,16.505571365356445
garage_1,27,7,44,-17,-3.7220985889434814,13.277901649475098
garage_1,27,8,40,-13,0.7575451731681824,13.757545471191406
garage_1,27,9,41,-14,2.7592670917510986,16.759267807006836
garage_1,27,10,44,-17,2.306002140045166,19.306001663208008
garage_3,22,1,42,-20,-6.527817249298096,13.472183227539062
garage_3,22,2,35,-13,-3.8109986782073975,9.189001083374023
garage_3,22,3,31,-9,-7.032111644744873,1.967888355255127
garage_4,44,1,48,-4,-2.577587127685547,1.4224128723144531
garage_6,27,1,47,-20,-6.763065814971924,13.236934661865234
garage_6,27,2,40,-13,-1.25827157497406,11.741728782653809
garage_6,27,3,39,-12,-5.413858890533447,6.586141109466553
garage_6,27,4,34,-7,-4.676501750946045,2.323498249053955
garage_7,22,1,42,-20,-5.433142185211182,14.566858291625977
garage_7,22,2,37,-15,-4.401382923126221,10.598617553710938
garage_7,22,3,33,-11,-4.465938568115234,6.534061431884766
garage_7,22,4,29,-7,-7.031921863555908,0.0319218635559082
garage_8,44,1,48,-4,-6.20217752456665,2.2021775245666504
garage_9,20,1,40,-20,-18.63187599182129,1.368124008178711
hallway1_0,32,1,48,-16,-2.351701259613037,13.648298263549805
hallway1_0,32,2,46,-14,-0.552245557308197,13.447754859924316
hallway1_0,32,3,45,-13,-7.3949785232543945,5.6050214767456055
hallway1_0,32,4,38,-6,-8.219048500061035,2.219048500061035
hallway1_2,33,1,48,-15,-9.341590881347656,5.658409118652344
hallway1_2,33,2,39,-6,2.9139535427093506,8.91395378112793
hallway1_2,33,3,42,-9,-6.556155681610107,2.4438443183898926
hallway1_3,26,1,46,-20,-3.425163507461548,16.57483673095703
hallway1_3,26,2,43,-17,-5.209898471832275,11.790102005004883
hallway1_3,26,3,38,-12,-3.3615317344665527,8.638467788696289
hallway1_3,26,4,35,-9,-1.0450711250305176,7.954928874969482
hallway1_3,26,5,34,-8,0.3422147333621979,8.342214584350586
hallway1_3,26,6,34,-8,-1.4068520069122314,6.593148231506348
hallway1_3,26,7,33,-7,-1.0644434690475464,5.935556411743164
hallway1_3,26,8,32,-6,0.8689436912536621,6.868943691253662
hallway1_3,26,9,33,-7,-3.489056348800659,3.510943651199341
hallway1_4,23,1,43,-20,-9.92428207397461,10.07571792602539
hallway1_4,23,2,33,-10,-6.782567501068115,3.2174324989318848
hallway1_5,22,1,42,-20,-20.267162322998047,0.2671623229980469
hallway1_6,22,1,42,-20,-9.518264770507812,10.481735229492188
hallway1_6,22,2,32,-10,-6.623724460601807,3.3762755393981934
hallway1_7,37,1,48,-11,-14.212282180786133,3.212282180786133
hallway2_0,29,1,48,-19,-4.826078414916992,14.173921585083008
hallway2_0,29,2,43,-14,-4.047247409820557,9.952753067016602
hallway2_0,29,3,39,-10,3.9199728965759277,13.919973373413086
hallway2_0,29,4,43,-14,-3.000917434692383,10.999082565307617
hallway2_0,29,5,40,-11,2.986419916152954,13.986419677734375
hallway2_0,29,6,43,-14,-3.3982279300689697,10.60177230834961
hallway2_0,29,7,40,-11,4.609492301940918,15.609492301940918
hallway2_0,29,8,45,-16,-3.2116551399230957,12.788345336914062
hallway2_0,29,9,42,-13,1.513953685760498,14.513954162597656
hallway2_0,29,10,44,-15,-1.389947533607483,13.610052108764648
hallway2_1,34,1,48,-14,5.713303565979004,19.713302612304688
hallway2_1,34,2,48,-14,4.069667816162109,18.06966781616211
hallway2_1,34,3,48,-14,4.526819705963135,18.526819229125977
hallway2_1,34,4,48,-14,3.4408700466156006,17.44087028503418
hallway2_1,34,5,48,-14,1.1113860607147217,15.1113862991333
hallway2_1,34,6,48,-14,4.5436296463012695,18.543628692626953
hallway2_1,34,7,48,-14,4.767390727996826,18.767391204833984
hallway2_1,34,8,48,-14,4.326430797576904,18.326431274414062
hallway2_1,34,9,48,-14,6.063413619995117,20.063413619995117
hallway2_1,34,10,48,-14,6.0228166580200195,20.022815704345703
hallway2_2,25,1,45,-20,-9.206093788146973,10.793906211853027
hallway2_2,25,2,36,-11,-12.452574729919434,1.4525747299194336
meetingroom1_7,19,1,39,-20,21.545177459716797,41.5451774597168
meetingroom1_7,19,2,48,-29,16.40252113342285,45.40251922607422
meetingroom1_7,19,3,48,-29,15.960432052612305,44.96043395996094
meetingroom1_7,19,4,48,-29,4.36303186416626,33.363033294677734
meetingroom1_7,19,5,48,-29,15.672181129455566,44.67218017578125
meetingroom1_7,19,6,48,-29,7.068019866943359,36.06801986694336
meetingroom1_7,19,7,48,-29,21.62885284423828,50.62885284423828
meetingroom1_7,19,8,48,-29,9.72423267364502,38.7242317199707
meetingroom1_7,19,9,48,-29,2.2150211334228516,31.21502113342285
meetingroom1_7,19,10,48,-29,14.58837604522705,43.588375091552734
meetingroom1_8,21,1,41,-20,-9.640624046325684,10.359375953674316
meetingroom1_8,21,2,31,-10,-8.3338041305542,1.6661958694458008
meetingroom1_9,23,1,43,-20,-22.885347366333008,2.885347366333008
meetingroom2_0,27,1,47,-20,0.21897448599338531,20.218975067138672
meetingroom2_0,27,2,47,-20,-3.928971290588379,16.071029663085938
meetingroom2_0,27,3,43,-16,2.009070634841919,18.009071350097656
meetingroom2_0,27,4,45,-18,3.326842784881592,21.32684326171875
meetingroom2_0,27,5,48,-21,3.5264289379119873,24.52642822265625
meetingroom2_0,27,6,48,-21,0.9066454172134399,21.906644821166992
meetingroom2_0,27,7,48,-21,5.654512405395508,26.654512405395508
meetingroom2_0,27,8,48,-21,1.36720609664917,22.367206573486328
meetingroom2_0,27,9,48,-21,-2.139483690261841,18.860515594482422
meetingroom2_0,27,10,46,-19,-0.8887073397636414,18.111291885375977
meetingroom2_1,23,1,43,-20,-15.334311485290527,4.665688514709473
meetingroom2_2,24,1,44,-20,-3.8899450302124023,16.11005401611328
meetingroom2_2,24,2,40,-16,-4.007723808288574,11.992276191711426
meetingroom2_2,24,3,36,-12,-0.06987521797418594,11.93012523651123
meetingroom2_2,24,4,36,-12,-6.041365146636963,5.958634853363037
meetingroom2_2,24,5,30,-6,-7.58432674407959,1.5843267440795898
meetingroom2_3,29,1,48,-19,4.5009918212890625,23.500991821289062
meetingroom2_3,29,2,48,-19,-1.3750550746917725,17.62494468688965
meetingroom2_3,29,3,47,-18,-3.377068042755127,14.622932434082031
meetingroom2_3,29,4,44,-15,-3.069509983062744,11.930490493774414
meetingroom2_3,29,5,41,-12,-1.6024091243743896,10.397590637207031
meetingroom2_3,29,6,39,-10,-3.2583987712860107,6.74160099029541
meetingroom2_3,29,7,36,-7,-2.8556628227233887,4.144337177276611
meetingroom2_4,22,1,42,-20,2.761842966079712,22.761842727661133
meetingroom2_4,22,2,45,-23,3.7423648834228516,26.74236488342285
meetingroom2_4,22,3,48,-26,0.14182868599891663,26.141828536987305
meetingroom2_4,22,4,48,-26,6.079153060913086,32.07915496826172
meetingroom2_4,22,5,48,-26,-0.5744071006774902,25.42559242248535
meetingroom2_4,22,6,47,-25,-1.8695024251937866,23.130496978759766
meetingroom2_4,22,7,45,-23,1.2861135005950928,24.286113739013672
meetingroom2_4,22,8,46,-24,2.0415215492248535,26.041521072387695
meetingroom2_4,22,9,48,-26,-1.645355224609375,24.354644775390625
meetingroom2_4,22,10,46,-24,4.803659915924072,28.803659439086914
meetingroom2_5,24,1,44,-20,9.032869338989258,29.032869338989258
meetingroom2_5,24,2,48,-24,3.4820172786712646,27.482017517089844
meetingroom2_5,24,3,48,-24,4.483399868011475,28.483400344848633
meetingroom2_5,24,4,48,-24,1.681795597076416,25.681795120239258
meetingroom2_5,24,5,48,-24,5.61232852935791,29.612327575683594
meetingroom2_5,24,6,48,-24,2.5651285648345947,26.565128326416016
meetingroom2_5,24,7,48,-24,5.098832607269287,29.098833084106445
meetingroom2_5,24,8,48,-24,6.596853733062744,30.596853256225586
meetingroom2_5,24,9,48,-24,2.9396049976348877,26.939605712890625
meetingroom2_5,24,10,48,-24,8.707478523254395,32.70747756958008
meetingroom2_6,26,1,46,-20,-22.187206268310547,2.187206268310547
meetingroom2_7,28,1,48,-20,-14.075445175170898,5.924554824829102
meetingroom2_7,28,2,34,-6,-8.253756523132324,2.253756523132324
meetingroom2_8,28,1,48,-20,-12.209795951843262,7.790204048156738
meetingroom2_8,28,2,36,-8,-4.3647966384887695,3.6352033615112305
meetingroom2_9,31,1,48,-17,-5.308842658996582,11.691157341003418
meetingroom2_9,31,2,43,-12,-5.617403507232666,6.382596492767334
meetingroom2_9,31,3,37,-6,3.1163153648376465,9.116315841674805
meetingroom2_9,31,4,40,-9,7.057431697845459,16.057432174682617
meetingroom2_9,31,5,47,-16,8.637406349182129,24.637405395507812
meetingroom2_9,31,6,48,-17,-6.995911121368408,10.00408935546875
meetingroom2_9,31,7,41,-10,6.969917297363281,16.96991729736328
meetingroom2_9,31,8,48,-17,-9.137557029724121,7.862442970275879
meetingroom2_9,31,9,39,-8,-1.7856448888778687,6.214354991912842
meetingroom2_9,31,10,37,-6,7.4155683517456055,13.415568351745605
officecrawl1_0,26,1,46,-20,3.00644588470459,23.006446838378906
officecrawl1_0,26,2,48,-22,0.5369809865951538,22.5369815826416
officecrawl1_0,26,3,48,-22,19.467315673828125,41.467315673828125
officecrawl1_0,26,4,48,-22,5.62661075592041,27.626609802246094
officecrawl1_0,26,5,48,-22,5.06083345413208,27.060832977294922
officecrawl1_0,26,6,48,-22,-1.5965157747268677,20.403484344482422
officecrawl1_0,26,7,46,-20,6.291840076446533,26.291839599609375
officecrawl1_0,26,8,48,-22,-8.846853256225586,13.153146743774414
officecrawl1_0,26,9,39,-13,-5.366120338439941,7.633879661560059
officecrawl1_0,26,10,34,-8,-9.603493690490723,1.6034936904907227
officecrawl1_1,36,1,48,-12,-4.772976875305176,7.227023124694824
officecrawl1_1,36,2,43,-7,-2.1356732845306396,4.864326477050781
officecrawl1_2,26,1,46,-20,-4.904482364654541,15.095518112182617
officecrawl1_2,26,2,41,-15,-6.78978157043457,8.21021842956543
officecrawl1_2,26,3,34,-8,-4.0493340492248535,3.9506659507751465
officecrawl1_3,21,1,41,-20,-6.1433610916137695,13.85663890838623
officecrawl1_3,21,2,35,-14,17.187238693237305,31.187238693237305
officecrawl1_3,21,3,48,-27,-9.260390281677246,17.739608764648438
officecrawl1_3,21,4,39,-18,-2.0234694480895996,15.976530075073242
officecrawl1_3,21,5,37,-16,-6.785929203033447,9.214071273803711
officecrawl1_3,21,6,30,-9,-2.9505538940429688,6.049446105957031
officecrawl1_3,21,7,27,-6,7.067543029785156,13.067543029785156
officecrawl1_3,21,8,34,-13,-9.132983207702637,3.8670167922973633
officecrawl1_4,31,1,48,-17,6.769649505615234,23.769649505615234
officecrawl1_4,31,2,48,-17,-12.898893356323242,4.101106643676758
officecrawl1_5,23,1,43,-20,-4.826314926147461,15.173685073852539
officecrawl1_5,23,2,38,-15,-3.9359774589538574,11.064022064208984
officecrawl1_5,23,3,34,-11,-2.1476378440856934,8.852361679077148
officecrawl1_5,23,4,32,-9,0.6442916989326477,9.644291877746582
officecrawl1_5,23,5,33,-10,0.27970191836357117,10.279702186584473
officecrawl1_5,23,6,33,-10,-2.43070387840271,7.569295883178711
officecrawl1_5,23,7,31,-8,-5.377756118774414,2.622243881225586
officecrawl1_6,27,1,47,-20,4.75283670425415,24.752836227416992
officecrawl1_6,27,2,48,-21,17.18212127685547,38.18212127685547
officecrawl1_6,27,3,48,-21,-0.8471851348876953,20.152814865112305
officecrawl1_6,27,4,47,-20,-1.3595298528671265,18.640470504760742
officecrawl1_6,27,5,46,-19,2.598673105239868,21.59867286682129
officecrawl1_6,27,6,48,-21,21.378803253173828,42.37880325317383
officecrawl1_6,27,7,48,-21,-4.353207111358643,16.646793365478516
officecrawl1_6,27,8,44,-17,29.437904357910156,46.437904357910156
officecrawl1_6,27,9,48,-21,14.43252182006836,35.43252182006836
officecrawl1_6,27,10,48,-21,-2.240865707397461,18.75913429260254
officecrawl1_7,20,1,40,-20,-5.971062183380127,14.028938293457031
officecrawl1_7,20,2,34,-14,2.8884670734405518,16.88846778869629
officecrawl1_7,20,3,37,-17,-4.628340244293213,12.371660232543945
officecrawl1_7,20,4,32,-12,2.9675190448760986,14.96751880645752
officecrawl1_7,20,5,35,-15,-0.5666895508766174,14.433310508728027
officecrawl1_7,20,6,34,-14,-4.019829273223877,9.980171203613281
officecrawl1_7,20,7,30,-10,4.118345737457275,14.118345260620117
officecrawl1_7,20,8,34,-14,-0.06653385609388351,13.933465957641602
officecrawl1_7,20,9,34,-14,7.797394752502441,21.797393798828125
officecrawl1_7,20,10,42,-22,-6.20332145690918,15.79667854309082
officecrawl1_8,32,1,48,-16,-9.718439102172852,6.281560897827148
officecrawl1_8,32,2,38,-6,-5.884826183319092,0.1151738166809082
officecrawl1_9,33,1,48,-15,-4.100961685180664,10.899038314819336
officecrawl1_9,33,2,44,-11,-7.7802276611328125,3.2197723388671875
officecrawl2_0,31,1,48,-17,3.155102491378784,20.155101776123047
officecrawl2_0,31,2,48,-17,3.4210288524627686,20.42102813720703
officecrawl2_0,31,3,48,-17,5.4530744552612305,22.453075408935547
officecrawl2_0,31,4,48,-17,2.7283105850219727,19.728309631347656
officecrawl2_0,31,5,48,-17,1.6345354318618774,18.63453483581543
officecrawl2_0,31,6,48,-17,-0.5899572372436523,16.41004180908203
officecrawl2_0,31,7,47,-16,-2.024235248565674,13.975765228271484
officecrawl2_0,31,8,45,-14,0.630092442035675,14.63009262084961
officecrawl2_0,31,9,46,-15,0.29323557019233704,15.293235778808594
officecrawl2_0,31,10,46,-15,-2.1165406703948975,12.883459091186523
officecrawl2_1,24,1,44,-20,-10.257084846496582,9.742915153503418
officecrawl2_1,24,2,34,-10,-9.080839157104492,0.9191608428955078
officecrawl2_2,48,1,48,0,4.474965572357178,4.474965572357178
officecrawl2_3,42,1,48,-6,-2.9414830207824707,3.0585169792175293
officecrawl2_4,24,1,44,-20,0.9356228709220886,20.935623168945312
officecrawl2_4,24,2,45,-21,-4.842084884643555,16.157915115356445
officecrawl2_4,24,3,40,-16,-3.954188108444214,12.045811653137207
officecrawl2_4,24,4,36,-12,-9.695172309875488,2.3048276901245117
officecrawl2_6,28,1,48,-20,-7.307508945465088,12.69249153137207
officecrawl2_6,28,2,41,-13,-6.8605875968933105,6.1394124031066895
officecrawl2_6,28,3,34,-6,-3.2582454681396484,2.7417545318603516
officecrawl2_7,33,1,48,-15,-10.308659553527832,4.691340446472168
officecrawl2_8,22,1,42,-20,-18.831912994384766,1.1680870056152344
officecrawl2_9,27,1,47,-20,7.208776473999023,27.208776473999023
officecrawl2_9,27,2,48,-21,6.296095848083496,27.296096801757812
officecrawl2_9,27,3,48,-21,6.093180179595947,27.09317970275879
officecrawl2_9,27,4,48,-21,7.460714340209961,28.46071434020996
officecrawl2_9,27,5,48,-21,6.21954345703125,27.21954345703125
officecrawl2_9,27,6,48,-21,7.410886764526367,28.410886764526367
officecrawl2_9,27,7,48,-21,6.642334461212158,27.642333984375
officecrawl2_9,27,8,48,-21,6.5262770652771,27.526277542114258
officecrawl2_9,27,9,48,-21,5.933535099029541,26.933534622192383
officecrawl2_9,27,10,48,-21,8.107280731201172,29.107280731201172
officecrawl3_1,26,1,46,-20,-7.8359575271606445,12.164042472839355
officecrawl3_1,26,2,38,-12,-7.871265888214111,4.128734111785889
officecrawl3_2,24,1,44,-20,-17.10167121887207,2.8983287811279297
officecrawl3_3,32,1,48,-16,-9.551729202270508,6.448270797729492
officecrawl3_3,32,2,38,-6,5.781594276428223,11.781594276428223
officecrawl3_3,32,3,44,-12,4.354601860046387,16.354602813720703
officecrawl3_3,32,4,48,-16,-3.0619542598724365,12.938045501708984
officecrawl3_3,32,5,45,-13,-3.7708914279937744,9.229108810424805
officecrawl3_3,32,6,41,-9,2.3349111080169678,11.334911346435547
officecrawl3_3,32,7,43,-11,8.93256664276123,19.932567596435547
officecrawl3_3,32,8,48,-16,-1.45287024974823,14.54712963104248
officecrawl3_3,32,9,47,-15,-9.142983436584473,5.857016563415527
officecrawl3_3,32,10,38,-6,8.693747520446777,14.693747520446777
officecrawl3_4,20,1,40,-20,-10.468940734863281,9.531059265136719
officecrawl3_4,20,2,30,-10,-5.7724833488464355,4.2275166511535645
officecrawl3_5,27,1,47,-20,0.38352036476135254,20.383520126342773
officecrawl3_5,27,2,47,-20,-1.4594974517822266,18.540502548217773
officecrawl3_5,27,3,46,-19,-3.9534060955047607,15.04659366607666
officecrawl3_5,27,4,42,-15,-9.098134994506836,5.901865005493164
officecrawl3_5,27,5,33,-6,1.170469045639038,7.170469284057617
officecrawl3_5,27,6,34,-7,3.41945481300354,10.419454574584961
officecrawl3_5,27,7,37,-10,-7.352027893066406,2.6479721069335938
officecrawl3_6,26,1,46,-20,-11.33375072479248,8.66624927520752
officecrawl3_6,26,2,35,-9,-5.597419261932373,3.402580738067627
officecrawl3_7,28,1,48,-20,2.82755184173584,22.827552795410156
officecrawl3_7,28,2,48,-20,-3.0278050899505615,16.97219467163086
officecrawl3_7,28,3,45,-17,-4.980164527893066,12.019835472106934
officecrawl3_7,28,4,40,-12,-3.0279951095581055,8.972004890441895
officecrawl3_7,28,5,37,-9,-1.737443447113037,7.262556552886963
officecrawl3_7,28,6,35,-7,-4.9855451583862305,2.0144548416137695
officecrawl3_8,19,1,39,-20,-14.455436706542969,5.544563293457031
officecrawl3_8,19,2,25,-6,-12.085219383239746,6.085219383239746
officecrawl3_8,19,3,13,6,8.496874809265137,2.4968748092651367
officecrawl3_9,25,1,45,-20,16.704160690307617,36.70416259765625
officecrawl3_9,25,2,48,-23,-10.189105033874512,12.810894966125488
officecrawl3_9,25,3,38,-13,-2.77642560005188,10.2235746383667
officecrawl3_9,25,4,35,-10,-9.850110054016113,0.14988994598388672
officeroom1_0,27,1,47,-20,0.31821301579475403,20.318212509155273
officeroom1_0,27,2,47,-20,6.70796012878418,26.70796012878418
officeroom1_0,27,3,48,-21,20.781951904296875,41.781951904296875
officeroom1_0,27,4,48,-21,-6.233931541442871,14.766068458557129
officeroom1_0,27,5,42,-15,5.9024834632873535,20.902482986450195
officeroom1_0,27,6,48,-21,-0.4767359495162964,20.523263931274414
officeroom1_0,27,7,48,-21,7.36793327331543,28.36793327331543
officeroom1_0,27,8,48,-21,15.71931266784668,36.71931457519531
officeroom1_0,27,9,48,-21,33.54490661621094,54.54490661621094
officeroom1_0,27,10,48,-21,1.039885401725769,22.039884567260742
officeroom1_1,28,1,48,-20,-8.168197631835938,11.831802368164062
officeroom1_1,28,2,40,-12,-3.823549747467041,8.176450729370117
officeroom1_1,28,3,36,-8,0.54200679063797,8.542006492614746
officeroom1_1,28,4,37,-9,-11.663025856018066,2.6630258560180664
officeroom1_2,29,1,48,-19,-8.042420387268066,10.957579612731934
officeroom1_2,29,2,40,-11,-3.584502935409546,7.415496826171875
officeroom1_2,29,3,36,-7,-10.224040985107422,3.224040985107422
officeroom1_3,29,1,48,-19,-16.236186981201172,2.763813018798828
officeroom1_4,21,1,41,-20,-2.8344104290008545,17.165590286254883
officeroom1_4,21,2,38,-17,3.468224287033081,20.468223571777344
officeroom1_4,21,3,41,-20,-8.744157791137695,11.255842208862305
officeroom1_4,21,4,32,-11,-2.36635684967041,8.63364315032959
officeroom1_4,21,5,30,-9,-2.4225826263427734,6.577417373657227
officeroom1_4,21,6,28,-7,-5.690877914428711,1.309122085571289
officeroom1_5,22,1,42,-20,3.821533441543579,23.821533203125
officeroom1_5,22,2,46,-24,-0.240713968873024,23.759286880493164
officeroom1_5,22,3,46,-24,-3.2140510082244873,20.78594970703125
officeroom1_5,22,4,43,-21,-4.308401584625244,16.691598892211914
officeroom1_5,22,5,39,-17,-5.917232990264893,11.082767486572266
officeroom1_5,22,6,33,-11,-3.9913806915283203,7.00861930847168
officeroom1_5,22,7,29,-7,0.05015653744339943,7.050156593322754
officeroom1_5,22,8,29,-7,-1.0564169883728027,5.943583011627197
officeroom1_5,22,9,28,-6,-2.61264705657959,3.38735294342041
officeroom1_6,22,1,42,-20,-9.53217887878418,10.46782112121582
officeroom1_6,22,2,32,-10,-10.392987251281738,0.3929872512817383
officeroom1_7,22,1,42,-20,19.92674446105957,39.92674255371094
officeroom1_7,22,2,48,-26,-10.48557186126709,15.51442813873291
officeroom1_7,22,3,38,-16,16.218406677246094,32.218406677246094
officeroom1_7,22,4,48,-26,9.947687149047852,35.94768524169922
officeroom1_7,22,5,48,-26,10.303348541259766,36.303348541259766
officeroom1_7,22,6,48,-26,6.94520902633667,32.94520950317383
officeroom1_7,22,7,48,-26,7.876840114593506,33.87683868408203
officeroom1_7,22,8,48,-26,-9.457466125488281,16.54253387451172
officeroom1_7,22,9,39,-17,-6.116774082183838,10.88322639465332
officeroom1_7,22,10,33,-11,17.041053771972656,28.041053771972656
officeroom1_8,22,1,42,-20,1.278379201889038,21.278379440307617
officeroom1_8,22,2,43,-21,-14.324030876159668,6.675969123840332
officeroom1_8,22,3,29,-7,-12.351978302001953,5.351978302001953
officeroom1_8,22,4,17,5,5.6087822914123535,0.6087822914123535
officeroom1_9,27,1,47,-20,-10.36916732788086,9.63083267211914
officeroom1_9,27,2,37,-10,0.19262783229351044,10.192627906799316
officeroom1_9,27,3,37,-10,11.147858619689941,21.147857666015625
officeroom1_9,27,4,48,-21,-15.48563003540039,5.514369964599609
officeroom1_9,27,5,33,-6,-5.550393581390381,0.44960641860961914
officetrashshadows_1,34,1,48,-14,-1.5443342924118042,12.455665588378906
officetrashshadows_1,34,2,46,-12,3.6256191730499268,15.625618934631348
officetrashshadows_1,34,3,48,-14,1.5024851560592651,15.502485275268555
officetrashshadows_1,34,4,48,-14,3.5571401119232178,17.557140350341797
officetrashshadows_1,34,5,48,-14,-0.7783104777336121,13.221689224243164
officetrashshadows_1,34,6,47,-13,-6.203954219818115,6.796045780181885
officetrashshadows_1,34,7,41,-7,-0.12439220398664474,6.875607967376709
officetrashshadows_1,34,8,41,-7,-2.4402570724487305,4.5597429275512695
officetrashshadows_2,23,1,43,-20,3.571254014968872,23.57125473022461
officetrashshadows_2,23,2,47,-24,0.6068925261497498,24.606891632080078
officetrashshadows_2,23,3,48,-25,4.8759050369262695,29.875904083251953
officetrashshadows_2,23,4,48,-25,0.031011514365673065,25.0310115814209
officetrashshadows_2,23,5,48,-25,3.4465525150299072,28.446552276611328
officetrashshadows_2,23,6,48,-25,3.3842718601226807,28.3842716217041
officetrashshadows_2,23,7,48,-25,2.7399535179138184,27.739953994750977
officetrashshadows_2,23,8,48,-25,1.5720525979995728,26.572052001953125
officetrashshadows_2,23,9,48,-25,0.9158660173416138,25.91586685180664
officetrashshadows_2,23,10,48,-25,1.3242268562316895,26.32422637939453
officetrashshadows_3,27,1,47,-20,-2.2140555381774902,17.78594398498535
officetrashshadows_3,27,2,45,-18,-5.930052280426025,12.069948196411133
officetrashshadows_3,27,3,39,-12,-7.37489128112793,4.62510871887207
officetrashshadows_4,36,1,48,-12,-1.5927704572677612,10.40722942352295
officetrashshadows_4,36,2,46,-10,-6.075706481933594,3.9242935180664062
officetrashshadows_5,39,1,48,-9,-2.9745848178863525,6.025415420532227
officetrashshadows_5,39,2,45,-6,-6.69342565536499,0.6934256553649902
officetrashshadows_6,37,1,48,-11,-1.4935979843139648,9.506402015686035
officetrashshadows_6,37,2,47,-10,-5.6279730796813965,4.3720269203186035
officetrashshadows_8,25,1,45,-20,-6.185728073120117,13.814271926879883
officetrashshadows_8,25,2,39,-14,2.778616189956665,16.778615951538086
officetrashshadows_8,25,3,42,-17,-6.440945625305176,10.559054374694824
officetrashshadows_8,25,4,36,-11,-3.345947027206421,7.654052734375
officetrashshadows_8,25,5,33,-8,-9.277018547058105,1.2770185470581055
officetrashshadows_9,27,1,47,-20,-12.762102127075195,7.237897872924805
officetrashshadows_9,27,2,34,-7,-7.152800559997559,0.1528005599975586
officetrash_0,26,1,46,-20,-19.519424438476562,0.4805755615234375
officetrash_1,23,1,43,-20,-9.708707809448242,10.291292190551758
officetrash_1,23,2,33,-10,-10.811806678771973,0.8118066787719727
officetrash_2,25,1,45,-20,-7.730708599090576,12.269290924072266
officetrash_2,25,2,37,-12,2.9710912704467773,14.971091270446777
officetrash_2,25,3,40,-15,-1.965908169746399,13.03409194946289
officetrash_2,25,4,38,-13,2.9506685733795166,15.950668334960938
officetrash_2,25,5,41,-16,-0.5681736469268799,15.4318265914917
officetrash_2,25,6,40,-15,1.591440200805664,16.591440200805664
officetrash_2,25,7,42,-17,-2.891662359237671,14.10833740234375
officetrash_2,25,8,39,-14,-0.13104790449142456,13.868951797485352
officetrash_2,25,9,39,-14,-3.674532413482666,10.325468063354492
officetrash_2,25,10,35,-10,-7.4039435386657715,2.5960564613342285
officetrash_4,33,1,48,-15,-8.514692306518555,6.485307693481445
officetrash_4,33,2,39,-6,-6.838549613952637,0.8385496139526367
officetrash_5,32,1,48,-16,-14.526527404785156,1.4734725952148438
officetrash_6,24,1,44,-20,0.24737592041492462,20.24737548828125
officetrash_6,24,2,44,-20,-10.786417007446289,9.213582992553711
officetrash_6,24,3,33,-9,-2.736344337463379,6.263655662536621
officetrash_6,24,4,30,-6,-5.067934036254883,0.9320659637451172
officetrash_7,31,1,48,-17,-10.005754470825195,6.994245529174805
officetrash_7,31,2,38,-7,0.7866747975349426,7.786674976348877
officetrash_7,31,3,39,-8,-5.141182899475098,2.8588171005249023
officetrash_8,25,1,45,-20,-4.252930641174316,15.747069358825684
officetrash_8,25,2,41,-16,10.364946365356445,26.364946365356445
officetrash_8,25,3,48,-23,-7.0096917152404785,15.99030876159668
officetrash_8,25,4,41,-16,-4.2215142250061035,11.778486251831055
officetrash_8,25,5,37,-12,-6.017426013946533,5.982573986053467
officetrash_8,25,6,31,-6,-5.738149642944336,0.26185035705566406
outdoorsbalcony1_0,24,1,44,-20,-22.016386032104492,2.016386032104492
outdoorsbalcony1_1,23,1,43,-20,-9.389347076416016,10.610652923583984
outdoorsbalcony1_1,23,2,34,-11,2.496605396270752,13.496604919433594
outdoorsbalcony1_1,23,3,36,-13,-3.756402015686035,9.243597984313965
outdoorsbalcony1_1,23,4,32,-9,-0.2939399778842926,8.706060409545898
outdoorsbalcony1_1,23,5,32,-9,5.186132431030273,14.186132431030273
outdoorsbalcony1_1,23,6,37,-14,-6.856964588165283,7.143035411834717
outdoorsbalcony1_1,23,7,30,-7,14.655110359191895,21.655109405517578
outdoorsbalcony1_1,23,8,45,-22,-7.413573741912842,14.58642578125
outdoorsbalcony1_1,23,9,38,-15,-3.4883503913879395,11.511650085449219
outdoorsbalcony1_1,23,10,35,-12,-5.313705921173096,6.686294078826904
outdoorsbalcony1_2,33,1,48,-15,19.606571197509766,34.606571197509766
outdoorsbalcony1_2,33,2,48,-15,6.541802883148193,21.54180335998535
outdoorsbalcony1_2,33,3,48,-15,-1.108224868774414,13.891775131225586
outdoorsbalcony1_2,33,4,47,-14,9.856592178344727,23.856592178344727
outdoorsbalcony1_2,33,5,48,-15,6.994562149047852,21.99456214904785
outdoorsbalcony1_2,33,6,48,-15,-10.188365936279297,4.811634063720703
outdoorsbalcony1_3,44,1,48,-4,-4.495866775512695,0.4958667755126953
outdoorsbalcony1_4,29,1,48,-19,-13.588502883911133,5.411497116088867
outdoorsbalcony1_4,29,2,34,-5,-11.337669372558594,6.337669372558594
outdoorsbalcony1_4,29,3,23,6,3.657966136932373,2.342033863067627
outdoorsbalcony1_6,29,1,48,-19,5.198843479156494,24.198843002319336
outdoorsbalcony1_6,29,2,48,-19,-6.294883728027344,12.705116271972656
outdoorsbalcony1_6,29,3,42,-13,-4.298874855041504,8.701125144958496
outdoorsbalcony1_6,29,4,38,-9,11.710406303405762,20.710407257080078
outdoorsbalcony1_6,29,5,48,-19,-6.33122444152832,12.66877555847168
outdoorsbalcony1_6,29,6,42,-13,-10.095601081848145,2.9043989181518555
outdoorsbalcony1_9,38,1,48,-10,-10.866755485534668,0.866755485534668
outdoorsbalcony2_0,23,1,43,-20,-8.441920280456543,11.558079719543457
outdoorsbalcony2_0,23,2,35,-12,-9.78378677368164,2.2162132263183594
outdoorsbalcony2_1,27,1,47,-20,-18.21554946899414,1.7844505310058594
outdoorsbalcony2_2,34,1,48,-14,-15.287726402282715,1.2877264022827148
outdoorsbalcony2_4,21,1,41,-20,-7.785000324249268,12.21500015258789
outdoorsbalcony2_4,21,2,33,-12,-7.46879768371582,4.53120231628418
outdoorsbalcony2_5,23,1,43,-20,-8.2747802734375,11.7252197265625
outdoorsbalcony2_5,23,2,35,-12,-10.311369895935059,1.6886301040649414
outdoorsbalcony2_6,26,1,46,-20,-16.34746742248535,3.6525325775146484
outdoorsbalcony2_7,27,1,47,-20,-6.519681930541992,13.480318069458008
outdoorsbalcony2_7,27,2,40,-13,-5.095483779907227,7.904516220092773
outdoorsbalcony2_7,27,3,35,-8,1.3843249082565308,9.38432502746582
outdoorsbalcony2_7,27,4,36,-9,-1.6076568365097046,7.392343044281006
outdoorsbalcony2_7,27,5,34,-7,-3.4614064693450928,3.5385935306549072
outdoorsbalcony2_8,24,1,44,-20,-20.2885799407959,0.28857994079589844
outdoorsbalcony2_9,21,1,41,-20,-13.359018325805664,6.640981674194336
outdoorsbalcony2_9,21,2,28,-7,-5.41564416885376,1.5843558311462402
outdoorsfossils_3,24,1,44,-20,13.569764137268066,33.56976318359375
outdoorsfossils_3,24,2,48,-24,-10.434654235839844,13.565345764160156
outdoorsfossils_3,24,3,38,-14,-3.5376646518707275,10.462335586547852
outdoorsfossils_3,24,4,34,-10,-8.65575885772705,1.3442411422729492
outdoorsfossils_5,25,1,45,-20,-9.17861557006836,10.82138442993164
outdoorsfossils_5,25,2,36,-11,-6.560247421264648,4.439752578735352
outdoorsfossils_6,24,1,44,-20,-4.04849100112915,15.951509475708008
outdoorsfossils_6,24,2,40,-16,-7.396682262420654,8.603317260742188
outdoorsfossils_6,24,3,33,-9,-11.005865097045898,2.0058650970458984
outdoorsfossils_7,23,1,43,-20,-10.302783966064453,9.697216033935547
outdoorsfossils_7,23,2,33,-10,-7.317511558532715,2.682488441467285
outdoorsfossils_8,24,1,44,-20,-10.469533920288086,9.530466079711914
outdoorsfossils_8,24,2,34,-10,0.017132248729467392,10.017131805419922
outdoorsfossils_8,24,3,34,-10,-1.3955227136611938,8.604476928710938
outdoorsfossils_8,24,4,33,-9,0.6123928427696228,9.61239242553711
outdoorsfossils_8,24,5,34,-10,-4.291862487792969,5.708137512207031
outdoorsfossils_8,24,6,30,-6,3.2589657306671143,9.258965492248535
outdoorsfossils_8,24,7,33,-9,1.0470759868621826,10.047076225280762
outdoorsfossils_8,24,8,34,-10,-0.06455165892839432,9.93544864654541
outdoorsfossils_8,24,9,34,-10,0.12497315555810928,10.12497329711914
outdoorsfossils_8,24,10,34,-10,-1.8783591985702515,8.121641159057617
outdoorsfossils_9,25,1,45,-20,-18.57009506225586,1.4299049377441406
outdoorsplants_0,37,1,48,-11,2.4909889698028564,13.490988731384277
outdoorsplants_0,37,2,48,-11,8.270161628723145,19.270160675048828
outdoorsplants_0,37,3,48,-11,-1.8704071044921875,9.129592895507812
outdoorsplants_0,37,4,46,-9,-9.248247146606445,0.2482471466064453
outdoorsplants_1,34,1,48,-14,13.96203899383545,27.962039947509766
outdoorsplants_1,34,2,48,-14,12.518977165222168,26.518978118896484
outdoorsplants_1,34,3,48,-14,6.585261344909668,20.585262298583984
outdoorsplants_1,34,4,48,-14,18.99176788330078,32.99176788330078
outdoorsplants_1,34,5,48,-14,14.99039077758789,28.99039077758789
outdoorsplants_1,34,6,48,-14,11.676865577697754,25.676864624023438
outdoorsplants_1,34,7,48,-14,10.847070693969727,24.847070693969727
outdoorsplants_1,34,8,48,-14,13.3241548538208,27.324153900146484
outdoorsplants_1,34,9,48,-14,13.528684616088867,27.528684616088867
outdoorsplants_1,34,10,48,-14,14.947243690490723,28.947242736816406
outdoorsplants_2,32,1,48,-16,8.20909595489502,24.209095001220703
outdoorsplants_2,32,2,48,-16,8.565951347351074,24.56595230102539
outdoorsplants_2,32,3,48,-16,10.901719093322754,26.901718139648438
outdoorsplants_2,32,4,48,-16,13.309907913208008,29.309907913208008
outdoorsplants_2,32,5,48,-16,14.872150421142578,30.872150421142578
outdoorsplants_2,32,6,48,-16,13.433311462402344,29.433311462402344
outdoorsplants_2,32,7,48,-16,14.075271606445312,30.075271606445312
outdoorsplants_2,32,8,48,-16,11.45255184173584,27.452552795410156
outdoorsplants_2,32,9,48,-16,10.638202667236328,26.638202667236328
outdoorsplants_2,32,10,48,-16,11.280187606811523,27.280187606811523
outdoorsplants_3,23,1,43,-20,-23.603673934936523,3.6036739349365234
outdoorsplants_6,25,1,45,-20,-0.8489351272583008,19.151065826416016
outdoorsplants_6,25,2,44,-19,-8.947872161865234,10.052127838134766
outdoorsplants_6,25,3,35,-10,-12.1187162399292,2.118716239929199
outdoorsplants_7,19,1,39,-20,-19.905149459838867,0.09485054016113281
outdoorsplants_8,20,1,40,-20,-5.732288837432861,14.267711639404297
outdoorsplants_8,20,2,34,-14,-17.505876541137695,3.5058765411376953
outdoorsplants_9,23,1,43,-20,0.6188998818397522,20.618900299072266
outdoorsplants_9,23,2,44,-21,-1.5154227018356323,19.484577178955078
outdoorsplants_9,23,3,42,-19,0.19101659953594208,19.191017150878906
outdoorsplants_9,23,4,42,-19,-6.246166706085205,12.753833770751953
outdoorsplants_9,23,5,36,-13,0.9419301152229309,13.941929817199707
outdoorsplants_9,23,6,37,-14,1.4789021015167236,15.478901863098145
outdoorsplants_9,23,7,38,-15,-2.0154547691345215,12.98454475402832
outdoorsplants_9,23,8,36,-13,1.94802725315094,14.948027610778809
outdoorsplants_9,23,9,38,-15,3.963078737258911,18.96307945251465
outdoorsplants_9,23,10,42,-19,3.731801748275757,22.731801986694336
photobox1_0,22,1,42,-20,-7.733895778656006,12.266103744506836
photobox1_0,22,2,34,-12,-6.639617443084717,5.360382556915283
photobox1_0,22,3,27,-5,-7.118349075317383,2.118349075317383
photobox1_1,22,1,42,-20,-9.38754940032959,10.61245059967041
photobox1_1,22,2,33,-11,-0.5504961013793945,10.449503898620605
photobox1_1,22,3,32,-10,1.285976529121399,11.28597640991211
photobox1_1,22,4,33,-11,-2.9665582180023193,8.033441543579102
photobox1_1,22,5,30,-8,-1.9545649290084839,6.045434951782227
photobox1_1,22,6,28,-6,-6.481223106384277,0.48122310638427734
photobox1_2,22,1,42,-20,-12.750937461853027,7.249062538146973
photobox1_2,22,2,29,-7,-11.483904838562012,4.483904838562012
photobox1_3,23,1,43,-20,-15.398272514343262,4.601727485656738
photobox1_4,21,1,41,-20,-13.124287605285645,6.8757123947143555
photobox1_4,21,2,28,-7,-8.128826141357422,1.1288261413574219
photobox1_5,22,1,42,-20,-8.479695320129395,11.520304679870605
photobox1_5,22,2,34,-12,-5.513951301574707,6.486048698425293
photobox1_5,22,3,28,-6,-6.301745891571045,0.3017458915710449
photobox1_6,23,1,43,-20,1.7485997676849365,21.748600006103516
photobox1_6,23,2,45,-22,12.079492568969727,34.079490661621094
photobox1_6,23,3,48,-25,-0.8865253329277039,24.113473892211914
photobox1_6,23,4,47,-24,3.9158434867858887,27.915843963623047
photobox1_6,23,5,48,-25,0.6809108257293701,25.680910110473633
photobox1_6,23,6,48,-25,2.326446533203125,27.326446533203125
photobox1_6,23,7,48,-25,11.686359405517578,36.68635940551758
photobox1_6,23,8,48,-25,5.9511590003967285,30.95115852355957
photobox1_6,23,9,48,-25,6.956663608551025,31.956663131713867
photobox1_6,23,10,48,-25,-2.4708967208862305,22.529102325439453
photobox1_7,22,1,42,-20,-13.205612182617188,6.7943878173828125
photobox1_7,22,2,29,-7,-11.320417404174805,4.320417404174805
photobox1_8,22,1,42,-20,-7.238142490386963,12.761857986450195
photobox1_8,22,2,35,-13,-3.6797146797180176,9.32028579711914
photobox1_8,22,3,31,-9,-1.5447280406951904,7.4552717208862305
photobox1_8,22,4,29,-7,-6.071194648742676,0.9288053512573242
photobox1_9,26,1,46,-20,-15.862900733947754,4.137099266052246
photobox2_0,23,1,43,-20,-1.584657073020935,18.415342330932617
photobox2_0,23,2,41,-18,-7.1882548332214355,10.811744689941406
photobox2_0,23,3,34,-11,6.957549095153809,17.957550048828125
photobox2_0,23,4,41,-18,-9.045489311218262,8.954510688781738
photobox2_0,23,5,32,-9,-7.396531105041504,1.603468894958496
photobox2_1,23,1,43,-20,-14.301750183105469,5.698249816894531
photobox2_1,23,2,29,-6,-6.179742813110352,0.17974281311035156
photobox2_2,23,1,43,-20,-14.445343017578125,5.554656982421875
photobox2_2,23,2,29,-6,-9.86175537109375,3.86175537109375
photobox2_3,23,1,43,-20,13.58218765258789,33.58218765258789
photobox2_3,23,2,48,-25,-12.061356544494629,12.938643455505371
photobox2_3,23,3,36,-13,5.952787399291992,18.952787399291992
photobox2_3,23,4,42,-19,-8.555549621582031,10.444450378417969
photobox2_3,23,5,33,-10,-7.613461971282959,2.386538028717041
photobox2_4,24,1,44,-20,-10.204205513000488,9.795794486999512
photobox2_4,24,2,34,-10,3.5466837882995605,13.546684265136719
photobox2_4,24,3,38,-14,-18.355932235717773,4.355932235717773
photobox2_5,26,1,46,-20,-8.957904815673828,11.042095184326172
photobox2_5,26,2,37,-11,-5.866152286529541,5.133847713470459
photobox2_5,26,3,31,-5,-4.126060962677002,0.873939037322998
photobox2_6,22,1,42,-20,-9.753662109375,10.246337890625
photobox2_6,22,2,32,-10,-9.973711013793945,0.026288986206054688
photobox2_7,22,1,42,-20,-12.605785369873047,7.394214630126953
photobox2_7,22,2,29,-7,-6.8588995933532715,0.14110040664672852
photobox2_8,29,1,48,-19,-12.81114387512207,6.18885612487793
photobox2_8,29,2,35,-6,-2.186312437057495,3.813687562942505
photobox2_9,23,1,43,-20,-22.42827606201172,2.4282760620117188
randomsurplus_0,19,1,39,-20,-2.7541725635528564,17.245826721191406
randomsurplus_0,19,2,36,-17,4.812005043029785,21.81200408935547
randomsurplus_0,19,3,41,-22,4.333233833312988,26.333232879638672
randomsurplus_0,19,4,45,-26,16.79813575744629,42.798133850097656
randomsurplus_0,19,5,48,-29,10.720959663391113,39.7209587097168
randomsurplus_0,19,6,48,-29,-0.1324729323387146,28.86752700805664
randomsurplus_0,19,7,48,-29,5.866053581237793,34.86605453491211
randomsurplus_0,19,8,48,-29,15.22082805633545,44.220829010009766
randomsurplus_0,19,9,48,-29,10.963218688964844,39.963218688964844
randomsurplus_0,19,10,48,-29,31.5238094329834,60.52381134033203
randomsurplus_1,41,1,48,-7,-6.5008134841918945,0.49918651580810547
randomsurplus_2,20,1,40,-20,-4.702843189239502,15.297157287597656
randomsurplus_2,20,2,35,-15,-10.93724536895752,4.0627546310424805
randomsurplus_3,29,1,48,-19,-9.731446266174316,9.268553733825684
randomsurplus_3,29,2,38,-9,0.17811281979084015,9.178112983703613
randomsurplus_3,29,3,38,-9,-2.8203341960906982,6.179665565490723
randomsurplus_3,29,4,35,-6,-0.6809207201004028,5.319079399108887
randomsurplus_3,29,5,34,-5,-0.8685995936393738,4.1314005851745605
randomsurplus_4,29,1,48,-19,-16.282907485961914,2.717092514038086
randomsurplus_5,21,1,41,-20,-10.446512222290039,9.553487777709961
randomsurplus_5,21,2,31,-10,-2.963229179382324,7.036770820617676
randomsurplus_5,21,3,28,-7,-5.090229511260986,1.9097704887390137
randomsurplus_6,22,1,42,-20,-5.0415425300598145,14.958457946777344
randomsurplus_6,22,2,37,-15,-5.9235029220581055,9.076497077941895
randomsurplus_6,22,3,31,-9,-7.198263168334961,1.801736831665039
randomsurplus_7,22,1,42,-20,-6.413767337799072,13.586233139038086
randomsurplus_7,22,2,36,-14,-12.756608009338379,1.243391990661621
randomsurplus_8,28,1,48,-20,18.097597122192383,38.09759521484375
randomsurplus_8,28,2,48,-20,1.0155835151672363,21.015583038330078
randomsurplus_8,28,3,48,-20,19.666187286376953,39.66618728637695
randomsurplus_8,28,4,48,-20,-9.86739444732666,10.13260555267334
randomsurplus_8,28,5,38,-10,-4.921262264251709,5.078737735748291
randomsurplus_8,28,6,33,-5,-13.043916702270508,8.043916702270508
randomsurplus_8,28,7,20,8,4.4758124351501465,3.5241875648498535
randomsurplus_9,28,1,48,-20,0.21203429996967316,20.212034225463867
randomsurplus_9,28,2,48,-20,-3.5944862365722656,16.405513763427734
randomsurplus_9,28,3,44,-16,-4.864480495452881,11.135519027709961
randomsurplus_9,28,4,39,-11,-16.580341339111328,5.580341339111328
randomsurplus_9,28,5,22,6,3.993921995162964,2.006078004837036
secondfloorbalcony_0,32,1,48,-16,-12.6574125289917,3.342587471008301
secondfloorbalcony_1,34,1,48,-14,-13.183618545532227,0.8163814544677734
secondfloorbalcony_3,20,1,40,-20,-11.900781631469727,8.099218368530273
secondfloorbalcony_3,20,2,28,-8,-12.392547607421875,4.392547607421875
secondfloorbalcony_4,23,1,43,-20,30.337020874023438,50.33702087402344
secondfloorbalcony_4,23,2,48,-25,25.047271728515625,50.047271728515625
secondfloorbalcony_4,23,3,48,-25,21.09523582458496,46.095237731933594
secondfloorbalcony_4,23,4,48,-25,20.59663963317871,45.596641540527344
secondfloorbalcony_4,23,5,48,-25,7.487743377685547,32.48774337768555
secondfloorbalcony_4,23,6,48,-25,25.961856842041016,50.961856842041016
secondfloorbalcony_4,23,7,48,-25,23.099477767944336,48.09947967529297
secondfloorbalcony_4,23,8,48,-25,23.11469268798828,48.11469268798828
secondfloorbalcony_4,23,9,48,-25,11.6741943359375,36.6741943359375
secondfloorbalcony_4,23,10,48,-25,7.759033679962158,32.759033203125
secondfloorbalcony_6,23,1,43,-20,-22.519859313964844,2.5198593139648438
secondfloorbalcony_7,19,1,39,-20,-23.56999969482422,3.5699996948242188
secondfloorbalcony_8,19,1,39,-20,-2.8662893772125244,17.133710861206055
secondfloorbalcony_8,19,2,36,-17,0.1842445433139801,17.18424415588379
secondfloorbalcony_8,19,3,36,-17,-8.752532958984375,8.247467041015625
secondfloorbalcony_8,19,4,27,-8,3.564035654067993,11.564035415649414
secondfloorbalcony_8,19,5,31,-12,-5.0470805168151855,6.9529194831848145
secondfloorbalcony_8,19,6,26,-7,2.8236703872680664,9.823670387268066
secondfloorbalcony_8,19,7,29,-10,-12.38616943359375,2.38616943359375
secondfloorbalcony_9,21,1,41,-20,-17.73369789123535,2.2663021087646484
tableroom_0,19,1,39,-20,-10.052447319030762,9.947552680969238
tableroom_0,19,2,29,-10,-6.81662130355835,3.1833786964416504
tableroom_1,22,1,42,-20,-17.103334426879883,2.896665573120117
tableroom_2,44,1,48,-4,24.369184494018555,28.369184494018555
tableroom_2,44,2,48,-4,26.934429168701172,30.934429168701172
tableroom_2,44,3,48,-4,31.67839813232422,35.67839813232422
tableroom_2,44,4,48,-4,27.032554626464844,31.032554626464844
tableroom_2,44,5,48,-4,23.236572265625,27.236572265625
tableroom_2,44,6,48,-4,25.304040908813477,29.304040908813477
tableroom_2,44,7,48,-4,28.845726013183594,32.845726013183594
tableroom_2,44,8,48,-4,35.5232048034668,39.5232048034668
tableroom_2,44,9,48,-4,32.886810302734375,36.886810302734375
tableroom_2,44,10,48,-4,36.62285232543945,40.62285232543945
tableroom_3,33,1,48,-15,-1.661553978919983,13.338445663452148
tableroom_3,33,2,46,-13,4.770262241363525,17.770261764526367
tableroom_3,33,3,48,-15,-7.543944358825684,7.456055641174316
tableroom_3,33,4,40,-7,-5.884694576263428,1.1153054237365723
tableroom_4,45,1,48,-3,-6.2844672203063965,3.2844672203063965
tableroom_5,33,1,48,-15,-13.848337173461914,1.151662826538086
