filename,CorrectPosition,focus_time,index,label,pred,loss
home1_0,31,1,48,-17,-7.868876934051514,9.131122589111328
home1_0,31,2,40,-9,-14.175283432006836,5.175283432006836
home1_0,31,3,26,5,5.403720855712891,0.4037208557128906
home1_1,23,1,48,-25,-13.113391876220703,11.886608123779297
home1_1,23,2,35,-12,-5.224540710449219,6.775459289550781
home1_1,23,3,30,-7,-2.9745869636535645,4.0254130363464355
home1_1,23,4,27,-4,-10.983224868774414,6.983224868774414
home1_1,23,5,16,7,3.9585773944854736,3.0414226055145264
home1_1,23,6,20,3,0.7022210955619812,2.297778844833374
home1_2,44,1,48,-4,-13.195993423461914,9.195993423461914
home1_2,44,2,35,9,6.270955562591553,2.7290444374084473
home1_3,31,1,48,-17,-2.106914758682251,14.893085479736328
home1_3,31,2,46,-15,-9.31497859954834,5.68502140045166
home1_3,31,3,37,-6,-3.4549994468688965,2.5450005531311035
home1_4,47,1,48,-1,-10.485818862915039,9.485818862915039
home1_4,47,2,38,9,17.84972381591797,8.849723815917969
home1_4,47,3,48,-1,2.8165245056152344,3.8165245056152344
home1_4,47,4,48,-1,-8.53001880645752,7.5300188064575195
home1_4,47,5,39,8,16.56736946105957,8.56736946105957
home1_4,47,6,48,-1,-3.7758421897888184,2.7758421897888184
home1_6,37,1,48,-11,-15.8765230178833,4.876523017883301
home1_6,37,2,32,5,6.179958343505859,1.1799583435058594
home1_8,32,1,48,-16,-21.151803970336914,5.151803970336914
home1_8,32,2,27,5,4.056964874267578,0.9430351257324219
home1_9,27,1,48,-21,-22.153427124023438,1.1534271240234375
home2_0,44,1,48,-4,-3.140155076980591,0.8598449230194092
home2_2,37,1,48,-11,-8.370628356933594,2.6293716430664062
home2_3,32,1,48,-16,-7.329933166503906,8.670066833496094
home2_3,32,2,41,-9,-7.342817306518555,1.6571826934814453
home2_4,37,1,48,-11,3.3885738849639893,14.38857364654541
home2_4,37,2,48,-11,0.6849866509437561,11.68498706817627
home2_4,37,3,48,-11,2.0796730518341064,13.079672813415527
home2_4,37,4,48,-11,13.985552787780762,24.985553741455078
home2_4,37,5,48,-11,-1.2815451622009277,9.718454360961914
home2_4,37,6,47,-10,-6.799585342407227,3.2004146575927734
home2_4,37,7,40,-3,-1.0953397750854492,1.9046602249145508
home2_5,31,1,48,-17,-16.12309455871582,0.8769054412841797
home2_6,25,1,48,-23,-1.841323971748352,21.158676147460938
home2_6,25,2,46,-21,-15.985535621643066,5.014464378356934
home2_6,25,3,30,-5,-7.154260635375977,2.1542606353759766
home2_9,30,1,48,-18,-17.50946807861328,0.49053192138671875
microkitchen1_0,21,1,48,-27,-16.535903930664062,10.464096069335938
microkitchen1_0,21,2,31,-10,-8.848969459533691,1.1510305404663086
microkitchen1_1,21,1,48,-27,-22.111244201660156,4.888755798339844
microkitchen1_1,21,2,26,-5,3.0376713275909424,8.037671089172363
microkitchen1_1,21,3,29,-8,-3.209857940673828,4.790142059326172
microkitchen1_1,21,4,26,-5,0.8412656188011169,5.841265678405762
microkitchen1_1,21,5,27,-6,-2.758167266845703,3.241832733154297
microkitchen1_1,21,6,24,-3,-1.3791948556900024,1.6208051443099976
microkitchen1_2,21,1,48,-27,-23.501413345336914,3.498586654663086
microkitchen1_2,21,2,24,-3,-5.699007034301758,2.699007034301758
microkitchen1_3,24,1,48,-24,-11.791058540344238,12.208941459655762
microkitchen1_3,24,2,36,-12,-3.7430622577667236,8.256937980651855
microkitchen1_3,24,3,32,-8,-2.3307976722717285,5.6692023277282715
microkitchen1_3,24,4,30,-6,-3.8189289569854736,2.1810710430145264
microkitchen1_4,25,1,48,-23,-19.00046157836914,3.9995384216308594
microkitchen1_4,25,2,29,-4,-8.594820976257324,4.594820976257324
microkitchen1_4,25,3,20,5,5.119988918304443,0.11998891830444336
microkitchen1_5,25,1,48,-23,-17.15009117126465,5.849908828735352
microkitchen1_5,25,2,31,-6,-7.150759220123291,1.150759220123291
microkitchen1_6,27,1,48,-21,-17.934036254882812,3.0659637451171875
microkitchen1_6,27,2,30,-3,-3.4244978427886963,0.4244978427886963
microkitchen1_7,24,1,48,-24,-23.444419860839844,0.5555801391601562
microkitchen1_8,28,1,48,-20,-15.152052879333496,4.847947120666504
microkitchen1_8,28,2,33,-5,-8.23544979095459,3.23544979095459
microkitchen1_8,28,3,25,3,1.109452247619629,1.890547752380371
microkitchen1_9,20,1,48,-28,-33.55233383178711,5.552333831787109
microkitchen1_9,20,2,14,6,7.864381313323975,1.8643813133239746
pillowroom1_6,36,1,48,-12,-11.6636381149292,0.3363618850708008
pillowroom1_8,34,1,48,-14,-15.295867919921875,1.295867919921875
pillowroom1_9,24,1,48,-24,-17.709819793701172,6.290180206298828
pillowroom1_9,24,2,30,-6,-4.23099422454834,1.7690057754516602
secondfloorgames_0,20,1,48,-28,-15.86277961730957,12.13722038269043
secondfloorgames_0,20,2,32,-12,-11.733076095581055,0.2669239044189453
secondfloorgames_1,21,1,48,-27,-18.035507202148438,8.964492797851562
secondfloorgames_1,21,2,30,-9,1.7399539947509766,10.739953994750977
secondfloorgames_1,21,3,32,-11,-14.80764389038086,3.8076438903808594
secondfloorgames_1,21,4,17,4,11.717904090881348,7.717904090881348
secondfloorgames_1,21,5,29,-8,-13.124177932739258,5.124177932739258
secondfloorgames_1,21,6,16,5,-3.330423355102539,8.330423355102539
secondfloorgames_1,21,7,13,8,5.398017406463623,2.601982593536377
secondfloorgames_2,23,1,48,-25,-26.15363121032715,1.1536312103271484
secondfloorgames_3,26,1,48,-22,-32.5324821472168,10.532482147216797
secondfloorgames_3,26,2,15,11,15.193714141845703,4.193714141845703
secondfloorgames_3,26,3,30,-4,-2.990905523300171,1.009094476699829
secondfloorgames_4,34,1,48,-14,-12.810778617858887,1.1892213821411133
secondfloorgames_5,27,1,48,-21,-14.649452209472656,6.350547790527344
secondfloorgames_5,27,2,33,-6,-8.525164604187012,2.5251646041870117
secondfloorgames_6,25,1,48,-23,-13.185160636901855,9.814839363098145
secondfloorgames_6,25,2,35,-10,-10.903596878051758,0.9035968780517578
secondfloorgames_7,25,1,48,-23,-10.599264144897461,12.400735855102539
secondfloorgames_7,25,2,37,-12,-17.674732208251953,5.674732208251953
secondfloorgames_7,25,3,19,6,10.052133560180664,4.052133560180664
secondfloorgames_7,25,4,29,-4,-3.874192476272583,0.125807523727417
secondfloorgames_8,23,1,48,-25,-22.14976692199707,2.8502330780029297
apt1_0,26,1,48,-22,-13.128826141357422,8.871173858642578
apt1_0,26,2,35,-9,-2.5724751949310303,6.427524566650391
apt1_0,26,3,32,-6,-7.240746021270752,1.240746021270752
apt1_1,22,1,48,-26,-17.74081039428711,8.25918960571289
apt1_1,22,2,30,-8,-11.30073070526123,3.3007307052612305
apt1_1,22,3,19,3,7.502476215362549,4.502476215362549
apt1_1,22,4,27,-5,-4.378829002380371,0.6211709976196289
apt1_2,24,1,48,-24,-7.0199174880981445,16.980083465576172
apt1_2,24,2,41,-17,1.0830481052398682,18.08304786682129
apt1_2,24,3,42,-18,-18.82573127746582,0.8257312774658203
apt1_3,26,1,48,-22,-9.010369300842285,12.989630699157715
apt1_3,26,2,39,-13,-16.693634033203125,3.693634033203125
apt1_3,26,3,22,4,2.042515277862549,1.9574847221374512
apt1_4,23,1,48,-25,-22.526657104492188,2.4733428955078125
apt1_5,22,1,48,-26,-23.345264434814453,2.654735565185547
apt1_6,23,1,48,-25,-24.09444236755371,0.9055576324462891
apt1_7,27,1,48,-21,-20.007488250732422,0.9925117492675781
apt1_8,31,1,48,-17,-14.568316459655762,2.4316835403442383
apt1_9,26,1,48,-22,-22.587726593017578,0.5877265930175781
apt2_0,36,1,48,-12,-11.795844078063965,0.20415592193603516
apt2_1,24,1,48,-24,-20.06321144104004,3.936788558959961
apt2_1,24,2,28,-4,-6.079041957855225,2.0790419578552246
apt2_2,28,1,48,-20,-11.499126434326172,8.500873565673828
apt2_2,28,2,37,-9,-12.128681182861328,3.128681182861328
apt2_2,28,3,25,3,9.089996337890625,6.089996337890625
apt2_2,28,4,34,-6,2.100736141204834,8.100736618041992
apt2_2,28,5,36,-8,-6.810765266418457,1.189234733581543
apt2_3,41,1,48,-7,-5.44126033782959,1.5587396621704102
apt2_4,24,1,48,-24,-14.99646282196045,9.00353717803955
apt2_4,24,2,33,-9,-7.196974277496338,1.803025722503662
apt2_5,26,1,48,-22,-16.821842193603516,5.178157806396484
apt2_5,26,2,31,-5,-10.90428638458252,5.9042863845825195
apt2_5,26,3,20,6,8.292924880981445,2.2929248809814453
apt2_6,26,1,48,-22,-21.124046325683594,0.8759536743164062
apt2_7,32,1,48,-16,-12.096625328063965,3.903374671936035
apt2_7,32,2,36,-4,1.5343717336654663,5.534371852874756
apt2_7,32,3,38,-6,-3.3468174934387207,2.6531825065612793
apt2_8,37,1,48,-11,-8.59216022491455,2.407839775085449
apt2_9,24,1,48,-24,-12.216103553771973,11.783896446228027
apt2_9,24,2,36,-12,-10.630675315856934,1.3693246841430664
books_0,25,1,48,-23,10.253480911254883,33.25347900390625
books_0,25,2,48,-23,-10.826583862304688,12.173416137695312
books_0,25,3,37,-12,-8.48480224609375,3.51519775390625
books_0,25,4,29,-4,-5.593994140625,1.593994140625
books_1,25,1,48,-23,-27.412233352661133,4.412233352661133
books_1,25,2,21,4,2.30818510055542,1.69181489944458
books_2,21,1,48,-27,-25.38749885559082,1.6125011444091797
books_3,22,1,48,-26,-17.991500854492188,8.008499145507812
books_3,22,2,30,-8,-10.68670654296875,2.68670654296875
books_4,24,1,48,-24,-16.236074447631836,7.763925552368164
books_4,24,2,32,-8,-8.519009590148926,0.5190095901489258
books_5,21,1,48,-27,-23.327051162719727,3.6729488372802734
books_5,21,2,25,-4,-4.173304080963135,0.17330408096313477
books_6,20,1,48,-28,-28.032487869262695,0.03248786926269531
books_7,25,1,48,-23,-21.89859962463379,1.101400375366211
books_8,24,1,48,-24,-12.347829818725586,11.652170181274414
books_8,24,2,36,-12,-11.166788101196289,0.8332118988037109
books_9,33,1,48,-15,-9.230629920959473,5.769370079040527
books_9,33,2,39,-6,-7.842447280883789,1.842447280883789
bottles_0,22,1,48,-26,-25.87352180480957,0.1264781951904297
bottles_1,22,1,48,-26,-10.408495903015137,15.591504096984863
bottles_1,22,2,38,-16,-9.749067306518555,6.250932693481445
bottles_1,22,3,28,-6,-4.949991703033447,1.0500082969665527
bottles_2,24,1,48,-24,-8.180691719055176,15.819308280944824
bottles_2,24,2,40,-16,-9.854106903076172,6.145893096923828
bottles_2,24,3,30,-6,-17.940406799316406,11.940406799316406
bottles_2,24,4,12,12,9.912747383117676,2.087252616882324
bottles_3,44,1,48,-4,-8.473661422729492,4.473661422729492
bottles_3,44,2,40,4,5.081840991973877,1.081840991973877
bottles_4,26,1,48,-22,-0.7531062960624695,21.24689292907715
bottles_4,26,2,47,-21,4.276508808135986,25.276508331298828
bottles_4,26,3,48,-22,-2.9241440296173096,19.075855255126953
bottles_4,26,4,45,-19,-22.907331466674805,3.9073314666748047
bottles_4,26,5,22,4,9.75625991821289,5.756259918212891
bottles_4,26,6,32,-6,-18.363056182861328,12.363056182861328
bottles_4,26,7,14,12,17.5908260345459,5.590826034545898
bottles_5,26,1,48,-22,-13.96288776397705,8.03711223602295
bottles_5,26,2,34,-8,-6.45879602432251,1.5412039756774902
bottles_6,44,1,48,-4,-7.139591217041016,3.1395912170410156
bottles_6,44,2,41,3,1.5940122604370117,1.4059877395629883
bottles_7,48,1,48,0,6.559181213378906,6.559181213378906
bottles_7,48,2,48,0,4.726761817932129,4.726761817932129
bottles_7,48,3,48,0,-0.5307006239891052,0.5307006239891052
bottles_8,30,1,48,-18,-15.228968620300293,2.771031379699707
campusoutdoors1_0,21,1,48,-27,-21.24515151977539,5.754848480224609
campusoutdoors1_0,21,2,27,-6,-12.73216724395752,6.7321672439575195
campusoutdoors1_0,21,3,14,7,2.6223995685577393,4.37760066986084
campusoutdoors1_0,21,4,17,4,-0.7960981130599976,4.796098232269287
campusoutdoors1_0,21,5,16,5,-1.5296127796173096,6.5296125411987305
campusoutdoors1_0,21,6,14,7,7.371711254119873,0.37171125411987305
campusoutdoors1_1,20,1,48,-28,-25.096477508544922,2.903522491455078
campusoutdoors1_2,21,1,48,-27,-10.234853744506836,16.765146255493164
campusoutdoors1_2,21,2,38,-17,-9.501954078674316,7.498045921325684
campusoutdoors1_2,21,3,28,-7,-10.921751022338867,3.921751022338867
campusoutdoors1_2,21,4,17,4,7.37369966506958,3.37369966506958
campusoutdoors1_2,21,5,24,-3,-5.247602939605713,2.247602939605713
campusoutdoors1_3,20,1,48,-28,-22.859783172607422,5.140216827392578
campusoutdoors1_3,20,2,25,-5,-11.05217456817627,6.0521745681762695
campusoutdoors1_3,20,3,14,6,7.886329650878906,1.8863296508789062
campusoutdoors1_4,23,1,48,-25,-23.018653869628906,1.9813461303710938
campusoutdoors1_5,23,1,48,-25,-22.253732681274414,2.746267318725586
campusoutdoors1_6,22,1,48,-26,-12.646925926208496,13.353074073791504
campusoutdoors1_6,22,2,35,-13,-10.663639068603516,2.3363609313964844
campusoutdoors1_8,19,1,48,-29,-18.003183364868164,10.996816635131836
campusoutdoors1_8,19,2,30,-11,-12.085363388061523,1.0853633880615234
campusoutdoors1_9,19,1,48,-29,-25.36477279663086,3.6352272033691406
campusoutdoors1_9,19,2,23,-4,-4.896199703216553,0.8961997032165527
campusoutdoors2_0,20,1,48,-28,-20.4357852935791,7.564214706420898
campusoutdoors2_0,20,2,28,-8,-11.615721702575684,3.6157217025756836
campusoutdoors2_0,20,3,16,4,2.8396081924438477,1.1603918075561523
campusoutdoors2_1,44,1,48,-4,-0.32197150588035583,3.6780285835266113
campusoutdoors2_1,44,2,48,-4,-3.491827964782715,0.5081720352172852
campusoutdoors2_3,28,1,48,-20,-15.65886402130127,4.3411359786987305
campusoutdoors2_3,28,2,32,-4,-2.2183830738067627,1.7816169261932373
campusoutdoors2_4,30,1,48,-18,-14.650274276733398,3.3497257232666016
campusoutdoors2_4,30,2,33,-3,-7.322075843811035,4.322075843811035
campusoutdoors2_4,30,3,26,4,12.923613548278809,8.923613548278809
campusoutdoors2_4,30,4,39,-9,-14.44427490234375,5.44427490234375
campusoutdoors2_4,30,5,25,5,7.416933059692383,2.416933059692383
campusoutdoors2_5,29,1,48,-19,-13.27202320098877,5.7279767990112305
campusoutdoors2_5,29,2,35,-6,-10.201301574707031,4.201301574707031
campusoutdoors2_5,29,3,25,4,8.52302360534668,4.52302360534668
campusoutdoors2_5,29,4,34,-5,-6.6845784187316895,1.6845784187316895
campusoutdoors2_6,22,1,48,-26,-19.283031463623047,6.716968536376953
campusoutdoors2_6,22,2,29,-7,-8.328475952148438,1.3284759521484375
campusoutdoors2_7,23,1,48,-25,-23.769060134887695,1.2309398651123047
campusoutdoors2_8,22,1,48,-26,-20.054485321044922,5.945514678955078
campusoutdoors2_8,22,2,28,-6,-1.538676142692566,4.4613237380981445
campusoutdoors2_8,22,3,26,-4,-5.749674320220947,1.7496743202209473
campusoutdoors2_9,24,1,48,-24,-21.591840744018555,2.4081592559814453
fakeplants_0,23,1,48,-25,-14.871940612792969,10.128059387207031
fakeplants_0,23,2,33,-10,-9.569634437561035,0.43036556243896484
fakeplants_1,22,1,48,-26,-22.12326431274414,3.8767356872558594
fakeplants_1,22,2,26,-4,-7.7534308433532715,3.7534308433532715
fakeplants_1,22,3,18,4,2.9839136600494385,1.0160863399505615
fakeplants_2,21,1,48,-27,-13.023159980773926,13.976840019226074
fakeplants_2,21,2,35,-14,-10.085780143737793,3.914219856262207
fakeplants_2,21,3,25,-4,-3.0318779945373535,0.9681220054626465
fakeplants_3,30,1,48,-18,-11.694047927856445,6.305952072143555
fakeplants_3,30,2,36,-6,-5.91094446182251,0.08905553817749023
fakeplants_4,25,1,48,-23,-13.985536575317383,9.014463424682617
fakeplants_4,25,2,34,-9,-10.489577293395996,1.489577293395996
fakeplants_5,21,1,48,-27,-20.440290451049805,6.559709548950195
fakeplants_5,21,2,28,-7,-5.861719131469727,1.1382808685302734
fakeplants_6,21,1,48,-27,-13.847328186035156,13.152671813964844
fakeplants_6,21,2,34,-13,-18.301359176635742,5.301359176635742
fakeplants_6,21,3,16,5,7.103335857391357,2.1033358573913574
fakeplants_7,23,1,48,-25,-18.159408569335938,6.8405914306640625
fakeplants_7,23,2,30,-7,-7.332292556762695,0.3322925567626953
fakeplants_8,22,1,48,-26,-16.28180694580078,9.718193054199219
fakeplants_8,22,2,32,-10,-11.710968017578125,1.710968017578125
fakeplants_9,21,1,48,-27,-5.5380401611328125,21.461959838867188
fakeplants_9,21,2,42,-21,-16.824459075927734,4.175540924072266
fakeplants_9,21,3,25,-4,-3.857616424560547,0.14238357543945312
garage2_0,22,1,48,-26,-19.626615524291992,6.373384475708008
garage2_0,22,2,28,-6,-3.3781826496124268,2.6218173503875732
garage2_1,27,1,48,-21,-21.242874145507812,0.2428741455078125
garage2_2,31,1,48,-17,-20.42544174194336,3.4254417419433594
garage2_2,31,2,28,3,-3.7961602210998535,6.7961602210998535
garage2_2,31,3,24,7,6.288571357727051,0.7114286422729492
garage2_3,43,1,48,-5,-3.1187069416046143,1.8812930583953857
garage2_4,29,1,48,-19,-14.905048370361328,4.094951629638672
garage2_4,29,2,33,-4,-4.681972503662109,0.6819725036621094
garage2_6,26,1,48,-22,-18.549049377441406,3.4509506225585938
garage2_6,26,2,29,-3,-2.7081639766693115,0.2918360233306885
garage2_7,21,1,48,-27,-26.100635528564453,0.8993644714355469
garage2_8,22,1,48,-26,-6.693655490875244,19.306344985961914
garage2_8,22,2,41,-19,-17.586347579956055,1.4136524200439453
garage2_9,27,1,48,-21,-9.559036254882812,11.440963745117188
garage2_9,27,2,38,-11,-10.056317329406738,0.9436826705932617
garage_0,30,1,48,-18,-12.114653587341309,5.885346412658691
garage_0,30,2,36,-6,-9.434659004211426,3.434659004211426
garage_0,30,3,27,3,-1.2546250820159912,4.25462532043457
garage_0,30,4,26,4,5.747986793518066,1.7479867935180664
garage_3,21,1,48,-27,-21.68943977355957,5.31056022644043
garage_3,21,2,26,-5,-8.663520812988281,3.6635208129882812
garage_3,21,3,17,4,-10.665385246276855,14.665385246276855
garage_3,21,4,6,15,12.875422477722168,2.124577522277832
garage_6,28,1,48,-20,-19.647254943847656,0.35274505615234375
garage_7,23,1,48,-25,-12.157330513000488,12.842669486999512
garage_7,23,2,36,-13,-11.141658782958984,1.8583412170410156
garage_8,40,1,48,-8,-11.870096206665039,3.870096206665039
garage_8,40,2,36,4,2.9998629093170166,1.0001370906829834
garage_9,20,1,48,-28,-15.641047477722168,12.358952522277832
garage_9,20,2,32,-12,-12.170064926147461,0.17006492614746094
hallway1_0,29,1,48,-19,-12.060723304748535,6.939276695251465
hallway1_0,29,2,36,-7,-7.501100540161133,0.5011005401611328
hallway1_2,34,1,48,-14,-6.104705810546875,7.895294189453125
hallway1_2,34,2,42,-8,-8.863508224487305,0.8635082244873047
hallway1_3,31,1,48,-17,-8.845128059387207,8.154871940612793
hallway1_3,31,2,39,-8,-8.903042793273926,0.9030427932739258
hallway1_4,30,1,48,-18,-16.647621154785156,1.3523788452148438
hallway1_5,22,1,48,-26,-35.1819953918457,9.181995391845703
hallway1_5,22,2,13,9,7.959028244018555,1.0409717559814453
hallway1_6,27,1,48,-21,-11.867427825927734,9.132572174072266
hallway1_6,27,2,36,-9,-4.547458648681641,4.452541351318359
hallway1_6,27,3,31,-4,-6.325230121612549,2.325230121612549
hallway1_7,41,1,48,-7,-6.175886154174805,0.8241138458251953
hallway2_0,32,1,48,-16,-21.522939682006836,5.522939682006836
hallway2_0,32,2,26,6,3.0027055740356445,2.9972944259643555
hallway2_2,27,1,48,-21,-12.822338104248047,8.177661895751953
hallway2_2,27,2,35,-8,-9.770352363586426,1.7703523635864258
meetingroom1_7,19,1,48,-29,2.50443696975708,31.504436492919922
meetingroom1_7,19,2,48,-29,-9.681488037109375,19.318511962890625
meetingroom1_7,19,3,38,-19,9.348993301391602,28.3489933013916
meetingroom1_7,19,4,47,-28,-3.4172914028167725,24.58270835876465
meetingroom1_7,19,5,44,-25,-10.785350799560547,14.214649200439453
meetingroom1_7,19,6,33,-14,0.19555500149726868,14.195554733276367
meetingroom1_7,19,7,33,-14,-6.609160423278809,7.390839576721191
meetingroom1_8,21,1,48,-27,-14.550667762756348,12.449332237243652
meetingroom1_8,21,2,33,-12,-20.155424118041992,8.155424118041992
meetingroom1_8,21,3,13,8,10.669829368591309,2.6698293685913086
meetingroom1_9,23,1,48,-25,-14.163634300231934,10.836365699768066
meetingroom1_9,23,2,34,-11,-11.999053001403809,0.9990530014038086
meetingroom2_0,27,1,48,-21,0.7425888180732727,21.74258804321289
meetingroom2_0,27,2,48,-21,-16.077537536621094,4.922462463378906
meetingroom2_0,27,3,32,-5,-11.474845886230469,6.474845886230469
meetingroom2_0,27,4,21,6,15.148494720458984,9.148494720458984
meetingroom2_0,27,5,36,-9,-15.753868103027344,6.753868103027344
meetingroom2_0,27,6,20,7,7.002971172332764,0.002971172332763672
meetingroom2_1,23,1,48,-25,-4.166931629180908,20.83306884765625
meetingroom2_1,23,2,44,-21,1.920701503753662,22.92070198059082
meetingroom2_1,23,3,46,-23,-2.9352469444274902,20.06475257873535
meetingroom2_1,23,4,43,-20,-8.799067497253418,11.200932502746582
meetingroom2_1,23,5,34,-11,-0.9948354363441467,10.00516414642334
meetingroom2_1,23,6,33,-10,-3.5424649715423584,6.4575347900390625
meetingroom2_1,23,7,29,-6,-4.752593994140625,1.247406005859375
meetingroom2_2,23,1,48,-25,-28.91341781616211,3.9134178161621094
meetingroom2_2,23,2,19,4,3.5360593795776367,0.4639406204223633
meetingroom2_3,27,1,48,-21,-13.8839693069458,7.116030693054199
meetingroom2_3,27,2,34,-7,-11.235262870788574,4.235262870788574
meetingroom2_3,27,3,23,4,6.956056118011475,2.9560561180114746
meetingroom2_4,21,1,48,-27,7.608977317810059,34.608978271484375
meetingroom2_4,21,2,48,-27,-15.288722038269043,11.711277961730957
meetingroom2_4,21,3,33,-12,-0.4415852725505829,11.558414459228516
meetingroom2_4,21,4,33,-12,-7.65015172958374,4.34984827041626
meetingroom2_4,21,5,25,-4,11.892053604125977,15.892053604125977
meetingroom2_4,21,6,37,-16,-6.471944332122803,9.528055191040039
meetingroom2_4,21,7,31,-10,-7.951098918914795,2.048901081085205
meetingroom2_5,23,1,48,-25,-12.744166374206543,12.255833625793457
meetingroom2_5,23,2,35,-12,-24.020204544067383,12.020204544067383
meetingroom2_5,23,3,11,12,14.990682601928711,2.990682601928711
meetingroom2_6,25,1,48,-23,-29.960451126098633,6.960451126098633
meetingroom2_6,25,2,18,7,8.316790580749512,1.3167905807495117
meetingroom2_7,27,1,48,-21,-5.756343841552734,15.243656158447266
meetingroom2_7,27,2,42,-15,-6.329188346862793,8.670811653137207
meetingroom2_7,27,3,36,-9,-10.782251358032227,1.7822513580322266
meetingroom2_8,27,1,48,-21,-11.308271408081055,9.691728591918945
meetingroom2_8,27,2,37,-10,-5.336442470550537,4.663557529449463
meetingroom2_8,27,3,32,-5,-4.867914199829102,0.13208580017089844
meetingroom2_9,28,1,48,-20,-13.499613761901855,6.5003862380981445
meetingroom2_9,28,2,35,-7,-3.969022274017334,3.030977725982666
meetingroom2_9,28,3,31,-3,-5.10748815536499,2.1074881553649902
officecrawl1_0,26,1,48,-22,-5.577391624450684,16.422607421875
officecrawl1_0,26,2,42,-16,-9.3890962600708,6.610903739929199
officecrawl1_0,26,3,33,-7,-2.1507089138031006,4.84929084777832
officecrawl1_0,26,4,31,-5,-1.3126487731933594,3.6873512268066406
officecrawl1_0,26,5,30,-4,-6.249941349029541,2.249941349029541
officecrawl1_1,33,1,48,-15,-11.097829818725586,3.902170181274414
officecrawl1_1,33,2,37,-4,-5.044735908508301,1.0447359085083008
officecrawl1_2,32,1,48,-16,-13.134933471679688,2.8650665283203125
officecrawl1_3,26,1,48,-22,-20.224306106567383,1.7756938934326172
officecrawl1_4,38,1,48,-10,-14.586122512817383,4.586122512817383
officecrawl1_4,38,2,33,5,5.528139114379883,0.5281391143798828
officecrawl1_5,23,1,48,-25,-12.080665588378906,12.919334411621094
officecrawl1_5,23,2,36,-13,-9.4000244140625,3.5999755859375
officecrawl1_5,23,3,27,-4,2.205087661743164,6.205087661743164
officecrawl1_5,23,4,29,-6,-0.21015304327011108,5.789846897125244
officecrawl1_5,23,5,29,-6,-3.931459665298462,2.068540334701538
officecrawl1_6,29,1,48,-19,-18.849767684936523,0.15023231506347656
officecrawl1_7,32,1,48,-16,-7.916051387786865,8.083948135375977
officecrawl1_7,32,2,40,-8,-7.4691619873046875,0.5308380126953125
officecrawl1_8,34,1,48,-14,-16.374441146850586,2.374441146850586
officecrawl1_9,40,1,48,-8,-10.37265396118164,2.3726539611816406
officecrawl2_0,29,1,48,-19,-15.40312385559082,3.5968761444091797
officecrawl2_0,29,2,33,-4,-11.387383460998535,7.387383460998535
officecrawl2_0,29,3,22,7,6.371059417724609,0.6289405822753906
officecrawl2_1,22,1,48,-26,-16.35771942138672,9.642280578613281
officecrawl2_1,22,2,32,-10,-6.1765456199646,3.8234543800354004
officecrawl2_1,22,3,26,-4,-12.846136093139648,8.846136093139648
officecrawl2_1,22,4,13,9,17.092939376831055,8.092939376831055
officecrawl2_1,22,5,30,-8,-12.454922676086426,4.454922676086426
officecrawl2_1,22,6,18,4,11.32795524597168,7.32795524597168
officecrawl2_1,22,7,29,-7,-14.38703727722168,7.38703727722168
officecrawl2_2,45,1,48,-3,1.0969483852386475,4.096948623657227
officecrawl2_2,45,2,48,-3,-6.404738426208496,3.404738426208496
officecrawl2_2,45,3,42,3,8.221436500549316,5.221436500549316
officecrawl2_2,45,4,48,-3,-5.98585319519043,2.9858531951904297
officecrawl2_3,41,1,48,-7,-7.781606674194336,0.7816066741943359
officecrawl2_4,27,1,48,-21,-19.145824432373047,1.8541755676269531
officecrawl2_6,26,1,48,-22,-6.724953651428223,15.275046348571777
officecrawl2_6,26,2,41,-15,-6.747715473175049,8.25228500366211
officecrawl2_6,26,3,34,-8,-6.627562046051025,1.3724379539489746
officecrawl2_7,29,1,48,-19,-19.604042053222656,0.6040420532226562
officecrawl2_8,23,1,48,-25,-17.536205291748047,7.463794708251953
officecrawl2_8,23,2,30,-7,-8.225700378417969,1.2257003784179688
officecrawl2_9,44,1,48,-4,0.9593358039855957,4.959335803985596
officecrawl2_9,44,2,48,-4,-6.234798908233643,2.2347989082336426
officecrawl3_1,26,1,48,-22,-11.50620174407959,10.49379825592041
officecrawl3_1,26,2,36,-10,-11.690389633178711,1.690389633178711
officecrawl3_2,24,1,48,-24,-13.144545555114746,10.855454444885254
officecrawl3_2,24,2,35,-11,-11.366623878479004,0.3666238784790039
officecrawl3_3,38,1,48,-10,-15.196878433227539,5.196878433227539
officecrawl3_3,38,2,33,5,-6.257355213165283,11.257354736328125
officecrawl3_3,38,3,27,11,6.617775917053223,4.382224082946777
officecrawl3_3,38,4,34,4,-1.2491289377212524,5.249128818511963
officecrawl3_3,38,5,33,5,7.552631855010986,2.5526318550109863
officecrawl3_4,20,1,48,-28,-3.5325236320495605,24.46747589111328
officecrawl3_4,20,2,44,-24,-6.536198616027832,17.463802337646484
officecrawl3_4,20,3,37,-17,-3.424036979675293,13.575963020324707
officecrawl3_4,20,4,34,-14,-6.57040548324585,7.42959451675415
officecrawl3_4,20,5,27,-7,-0.6906002163887024,6.309399604797363
officecrawl3_4,20,6,26,-6,-5.455246925354004,0.5447530746459961
officecrawl3_5,28,1,48,-20,-20.004079818725586,0.0040798187255859375
officecrawl3_6,27,1,48,-21,-14.731328964233398,6.268671035766602
officecrawl3_6,27,2,33,-6,1.3989863395690918,7.398986339569092
officecrawl3_6,27,3,34,-7,-6.307694911956787,0.6923050880432129
officecrawl3_7,30,1,48,-18,5.805106163024902,23.80510711669922
officecrawl3_7,30,2,48,-18,-12.27591609954834,5.72408390045166
officecrawl3_7,30,3,36,-6,-6.126779079437256,0.12677907943725586
officecrawl3_8,20,1,48,-28,-17.23274803161621,10.767251968383789
officecrawl3_8,20,2,31,-11,-5.075011253356934,5.924988746643066
officecrawl3_8,20,3,26,-6,-8.415087699890137,2.4150876998901367
officecrawl3_9,26,1,48,-22,8.323633193969727,30.323633193969727
officecrawl3_9,26,2,48,-22,-5.336627960205078,16.663372039794922
officecrawl3_9,26,3,43,-17,2.75486159324646,19.75486183166504
officecrawl3_9,26,4,46,-20,-13.55652141571045,6.443478584289551
officecrawl3_9,26,5,32,-6,16.892723083496094,22.892723083496094
officecrawl3_9,26,6,48,-22,-5.557781219482422,16.442218780517578
officecrawl3_9,26,7,42,-16,6.326054096221924,22.326053619384766
officeroom1_0,31,1,48,-17,-26.487462997436523,9.487462997436523
officeroom1_0,31,2,22,9,11.437646865844727,2.4376468658447266
officeroom1_1,33,1,48,-15,-13.585434913635254,1.414565086364746
officeroom1_2,32,1,48,-16,-10.070569038391113,5.929430961608887
officeroom1_2,32,2,38,-6,-7.546840190887451,1.5468401908874512
officeroom1_3,36,1,48,-12,-9.688613891601562,2.3113861083984375
officeroom1_4,22,1,48,-26,-28.953824996948242,2.953824996948242
officeroom1_5,21,1,48,-27,-27.499603271484375,0.499603271484375
officeroom1_6,21,1,48,-27,-15.029810905456543,11.970189094543457
officeroom1_6,21,2,33,-12,-17.591350555419922,5.591350555419922
officeroom1_6,21,3,15,6,9.41250991821289,3.4125099182128906
officeroom1_6,21,4,24,-3,-11.071017265319824,8.071017265319824
officeroom1_6,21,5,13,8,6.040619850158691,1.9593801498413086
officeroom1_7,29,1,48,-19,-12.178625106811523,6.821374893188477
officeroom1_7,29,2,36,-7,-2.747453212738037,4.252546787261963
officeroom1_7,29,3,33,-4,-1.1727092266082764,2.8272907733917236
officeroom1_8,22,1,48,-26,-16.934711456298828,9.065288543701172
officeroom1_8,22,2,31,-9,-8.362363815307617,0.6376361846923828
officeroom1_9,32,1,48,-16,-8.953587532043457,7.046412467956543
officeroom1_9,32,2,39,-7,-14.319267272949219,7.319267272949219
officeroom1_9,32,3,25,7,6.920607566833496,0.0793924331665039
officetrashshadows_1,38,1,48,-10,-6.547041416168213,3.452958583831787
officetrashshadows_1,38,2,41,-3,7.8369550704956055,10.836955070495605
officetrashshadows_1,38,3,48,-10,-7.862390518188477,2.1376094818115234
officetrashshadows_2,25,1,48,-23,-13.523787498474121,9.476212501525879
officetrashshadows_2,25,2,34,-9,-8.64929485321045,0.3507051467895508
officetrashshadows_3,28,1,48,-20,-24.562541961669922,4.562541961669922
officetrashshadows_3,28,2,23,5,8.037724494934082,3.037724494934082
officetrashshadows_3,28,3,31,-3,-1.8544988632202148,1.1455011367797852
officetrashshadows_4,44,1,48,-4,-11.360329627990723,7.360329627990723
officetrashshadows_4,44,2,37,7,6.527892112731934,0.4721078872680664
officetrashshadows_8,25,1,48,-23,-8.958087921142578,14.041912078857422
officetrashshadows_8,25,2,39,-14,-16.527799606323242,2.527799606323242
officetrashshadows_9,36,1,48,-12,-10.387925148010254,1.612074851989746
officetrash_0,32,1,48,-16,-13.212987899780273,2.7870121002197266
officetrash_1,24,1,48,-24,-23.158018112182617,0.8419818878173828
officetrash_2,28,1,48,-20,-14.97956657409668,5.02043342590332
officetrash_2,28,2,33,-5,-6.512498378753662,1.512498378753662
officetrash_4,37,1,48,-11,-12.874946594238281,1.8749465942382812
officetrash_5,24,1,48,-24,-15.283263206481934,8.716736793518066
officetrash_5,24,2,33,-9,-5.831936359405518,3.1680636405944824
officetrash_5,24,3,27,-3,10.016945838928223,13.016945838928223
officetrash_5,24,4,37,-13,-3.662672519683838,9.33732795715332
officetrash_5,24,5,33,-9,-6.104493618011475,2.8955063819885254
officetrash_6,23,1,48,-25,-16.517032623291016,8.482967376708984
officetrash_6,23,2,31,-8,-8.734603881835938,0.7346038818359375
officetrash_7,32,1,48,-16,-16.32334327697754,0.32334327697753906
officetrash_8,25,1,48,-23,-13.328166007995605,9.671833992004395
officetrash_8,25,2,35,-10,-16.526050567626953,6.526050567626953
officetrash_8,25,3,18,7,16.47553825378418,9.47553825378418
officetrash_8,25,4,34,-9,-2.8860983848571777,6.113901615142822
officetrash_8,25,5,31,-6,-6.456658363342285,0.45665836334228516
outdoorsbalcony1_0,24,1,48,-24,-37.23664474487305,13.236644744873047
outdoorsbalcony1_0,24,2,11,13,10.090819358825684,2.9091806411743164
outdoorsbalcony1_1,24,1,48,-24,-18.6010684967041,5.398931503295898
outdoorsbalcony1_1,24,2,29,-5,-6.198660373687744,1.1986603736877441
outdoorsbalcony1_2,34,1,48,-14,-8.081094741821289,5.918905258178711
outdoorsbalcony1_2,34,2,40,-6,-10.22094440460205,4.220944404602051
outdoorsbalcony1_2,34,3,30,4,11.130729675292969,7.130729675292969
outdoorsbalcony1_2,34,4,41,-7,-8.970088005065918,1.970088005065918
outdoorsbalcony1_4,30,1,48,-18,-10.000959396362305,7.999040603637695
outdoorsbalcony1_4,30,2,38,-8,-5.577330589294434,2.4226694107055664
outdoorsbalcony1_6,34,1,48,-14,-11.506311416625977,2.4936885833740234
outdoorsbalcony1_9,34,1,48,-14,-13.150849342346191,0.8491506576538086
outdoorsbalcony2_0,23,1,48,-25,-20.277904510498047,4.722095489501953
outdoorsbalcony2_0,23,2,28,-5,5.815575122833252,10.815574645996094
outdoorsbalcony2_0,23,3,34,-11,-17.102327346801758,6.102327346801758
outdoorsbalcony2_0,23,4,17,6,0.6012240052223206,5.398776054382324
outdoorsbalcony2_0,23,5,18,5,11.638221740722656,6.638221740722656
outdoorsbalcony2_0,23,6,30,-7,-5.08526086807251,1.9147391319274902
outdoorsbalcony2_1,29,1,48,-19,-13.849894523620605,5.1501054763793945
outdoorsbalcony2_1,29,2,34,-5,-8.8840970993042,3.884097099304199
outdoorsbalcony2_1,29,3,25,4,6.364109039306641,2.3641090393066406
outdoorsbalcony2_2,40,1,48,-8,-9.081637382507324,1.0816373825073242
outdoorsbalcony2_4,23,1,48,-25,-9.425670623779297,15.574329376220703
outdoorsbalcony2_4,23,2,39,-16,-12.845868110656738,3.1541318893432617
outdoorsbalcony2_4,23,3,26,-3,-3.4525201320648193,0.45252013206481934
outdoorsbalcony2_5,23,1,48,-25,-23.502607345581055,1.4973926544189453
outdoorsbalcony2_6,28,1,48,-20,-17.9577579498291,2.0422420501708984
outdoorsbalcony2_7,26,1,48,-22,-18.54818344116211,3.4518165588378906
outdoorsbalcony2_7,26,2,29,-3,0.32055920362472534,3.32055926322937
outdoorsbalcony2_7,26,3,29,-3,-0.6022670269012451,2.397732973098755
outdoorsbalcony2_8,25,1,48,-23,-28.664854049682617,5.664854049682617
outdoorsbalcony2_8,25,2,19,6,8.0079345703125,2.0079345703125
outdoorsbalcony2_9,27,1,48,-21,-10.673859596252441,10.326140403747559
outdoorsbalcony2_9,27,2,37,-10,-9.92269229888916,0.07730770111083984
outdoorsfossils_3,23,1,48,-25,-19.341529846191406,5.658470153808594
outdoorsfossils_3,23,2,29,-6,-7.321628570556641,1.3216285705566406
outdoorsfossils_5,21,1,48,-27,-18.597745895385742,8.402254104614258
outdoorsfossils_5,21,2,29,-8,-10.788825988769531,2.7888259887695312
outdoorsfossils_6,24,1,48,-24,-18.10577392578125,5.89422607421875
outdoorsfossils_6,24,2,30,-6,-4.365384578704834,1.634615421295166
outdoorsfossils_7,23,1,48,-25,-17.966527938842773,7.033472061157227
outdoorsfossils_7,23,2,30,-7,-12.301745414733887,5.301745414733887
outdoorsfossils_7,23,3,18,5,3.895113706588745,1.1048862934112549
outdoorsfossils_8,24,1,48,-24,-15.529060363769531,8.470939636230469
outdoorsfossils_8,24,2,32,-8,-10.810164451599121,2.810164451599121
outdoorsfossils_9,25,1,48,-23,-29.195213317871094,6.195213317871094
outdoorsfossils_9,25,2,19,6,6.1650614738464355,0.16506147384643555
outdoorsplants_0,40,1,48,-8,-10.639342308044434,2.6393423080444336
outdoorsplants_1,42,1,48,-6,12.139580726623535,18.13957977294922
outdoorsplants_1,42,2,48,-6,2.0106983184814453,8.010698318481445
outdoorsplants_1,42,3,48,-6,-10.609458923339844,4.609458923339844
outdoorsplants_1,42,4,37,5,11.015278816223145,6.0152788162231445
outdoorsplants_1,42,5,48,-6,-8.821443557739258,2.821443557739258
outdoorsplants_2,25,1,48,-23,-16.148576736450195,6.851423263549805
outdoorsplants_2,25,2,32,-7,-10.922666549682617,3.922666549682617
outdoorsplants_2,25,3,21,4,5.621806621551514,1.6218066215515137
outdoorsplants_3,23,1,48,-25,-22.1011905670166,2.8988094329833984
outdoorsplants_6,26,1,48,-22,-22.609355926513672,0.6093559265136719
outdoorsplants_7,22,1,48,-26,-13.23937702178955,12.76062297821045
outdoorsplants_7,22,2,35,-13,-15.059459686279297,2.059459686279297
outdoorsplants_8,20,1,48,-28,-25.92978858947754,2.070211410522461
outdoorsplants_9,22,1,48,-26,-27.586545944213867,1.5865459442138672
photobox1_0,23,1,48,-25,-29.059825897216797,4.059825897216797
photobox1_0,23,2,19,4,6.823826789855957,2.823826789855957
photobox1_1,22,1,48,-26,-22.953222274780273,3.0467777252197266
photobox1_1,22,2,25,-3,-3.6655311584472656,0.6655311584472656
photobox1_2,22,1,48,-26,-18.10750389099121,7.892496109008789
photobox1_2,22,2,30,-8,-8.763545989990234,0.7635459899902344
photobox1_3,23,1,48,-25,-17.439956665039062,7.5600433349609375
photobox1_3,23,2,31,-8,-9.627022743225098,1.6270227432250977
photobox1_4,22,1,48,-26,-11.883124351501465,14.116875648498535
photobox1_4,22,2,36,-14,-20.558502197265625,6.558502197265625
photobox1_4,22,3,15,7,8.887236595153809,1.8872365951538086
photobox1_5,23,1,48,-25,-20.63627052307129,4.363729476928711
photobox1_5,23,2,27,-4,-5.172650337219238,1.1726503372192383
photobox1_6,24,1,48,-24,-20.10800552368164,3.8919944763183594
photobox1_6,24,2,28,-4,-2.8984999656677246,1.1015000343322754
photobox1_7,23,1,48,-25,-19.94867706298828,5.051322937011719
photobox1_7,23,2,28,-5,-3.0124449729919434,1.9875550270080566
